version: 1
creator: callgrind-3.11.0
pid: 26893
cmd:  ./um midmark
part: 1


desc: I1 cache: 
desc: D1 cache: 
desc: LL cache: 

desc: Timerange: Basic block 0 - 50870
desc: Trigger: Program termination

positions: line
events: Ir
summary: 237321


ob=(5) /usr/sup/valgrind-3.11.0/lib/valgrind/vgpreload_core-amd64-linux.so
fl=(61) ???
fn=(230) 0x0000000000000640
0 17

ob=(2) ???
fl=(16) ???
fn=(364) 0x0000000004f478c0
0 1
cob=(3) /usr/lib64/libc-2.17.so
cfi=(80) /usr/src/debug/glibc-2.17-c758a686/malloc/malloc.c
cfn=(330) malloc
calls=1 2888 
0 176

fn=(294) 0x0000000000400998
0 6

fn=(258) 0x0000000004c2b170
0 6

fn=(226) 0x0000000004a24510
0 6

fn=(384) 0x0000000004f478c8
0 5
cob=(3)
cfi=(80)
cfn=(386) free
calls=5 2924 
0 141

ob=(1) /usr/lib64/ld-2.17.so
fl=(27) /usr/src/debug/glibc-2.17-c758a686/elf/../elf/dl-tls.c
fn=(78) _dl_count_modids
111 2
+1 2

fn=(140) _dl_next_tls_modid
52 3
+48 2
+4 1

fn=(154) _dl_determine_tlsoffset
144 1
+34 1
-34 1
+34 2
-45 1
+1 1
+2 1
-3 1
+2 1
-2 1
+43 1
-43 2
+50 1
-1 1
+5 2
-4 1
-1 1
+7 1
-7 1
+3 2
+2 1
+2 1
-2 2
+16 5
+2 1
+1 1
-1 2
+4 1
+6 1
-12 1
-25 5
+40 1
+53 4
-1 1
+1 3
-52 1
+52 1

fn=(156) _dl_allocate_tls_storage
349 1
+13 1
-13 2
+2 1
+11 2
cfi=(17) /usr/src/debug/glibc-2.17-c758a686/elf/dl-minimal.c
cfn=(44) __libc_memalign
calls=1 51 
* 78
* 1
+1 1
-1 1
+1 1
+7 1
+4 306
-58 1
+1 1
-1 1
+1 2
cfi=(17)
cfn=(36) calloc
calls=1 102 
* 43
* 1
+1 2
+9 1
-6 1
+6 1
+64 5

fn=(214) _dl_allocate_tls_init
443 7
+1 1
-1 1
+1 1
+4 1
+6 2
-6 2
+6 2
+12 1
-15 1
-1 2
+21 6
+6 12
+3 1
+1 2
+7 1
+2 1
-2 2
+2 3
+1 1
+3 2
-1 2
+18 1
-2 1
-8 1
+8 2
-8 1
+8 1
cfi=(18) /usr/src/debug////////glibc-2.17-c758a686/string/../sysdeps/x86_64/memcpy.S
cfn=(68) mempcpy
calls=1 61 
* 23
* 4
cfi=(36) /usr/src/debug////////glibc-2.17-c758a686/string/../sysdeps/x86_64/rtld-memset.S
cfn=(116) memset
calls=1 30 
* 150
* 2
-38 3
+52 2
+2 1
+1 8

fn=(188) _dl_add_to_slotinfo
879 6
+6 1
+3 2
+5 5
+41 1
+1 3
+1 6

fl=(29) /usr/src/debug/glibc-2.17-c758a686/elf/dl-error.c
fn=(142) _dl_receive_error
197 10
+1 1
cfi=(2) /usr/src/debug/glibc-2.17-c758a686/elf/rtld.c
cfn=(88) _dl_initial_error_catch_tsd
calls=1 877 
* 2
+5 1
-1 1
-4 1
+9 1
+2 1
-3 1
+3 1
cfi=(2)
cfn=(144) version_check_doit
calls=1 736 
* 4528
+2 1
+1 1
+1 8

fn=(86) _dl_catch_error
159 42
+9 6
+2 6
cfi=(2)
cfn=(88)
calls=6 877 
* 12
* 6
+1 6
+2 12
-2 6
+2 6
cfi=(30) /usr/src/debug////////glibc-2.17-c758a686/setjmp/../sysdeps/x86_64/setjmp.S
cfn=(90) __sigsetjmp
calls=6 26 
* 120
+1 12
+2 12
+1 12
-1 6
+1 6
cfi=(37) /usr/src/debug/glibc-2.17-c758a686/elf/dl-deps.c
cfn=(126) openaux
calls=5 60 
* 13620
cfi=(2)
cfn=(92) map_doit
calls=1 704 
* 2592
+1 6
+4 6
-4 6
+1 12
+1 12
+1 12
+10 24

fl=(39) /usr/src/debug/glibc-2.17-c758a686/elf/dl-cache.c
fn=(218) _dl_unload_cache
316 4
-1 1
+3 2
cfi=(35) /usr/src/debug////////glibc-2.17-c758a686/misc/../sysdeps/unix/syscall-template.S
cfn=(220) munmap
calls=1 81 
* 5
+1 1
+2 2

fn=(132) _dl_load_cache_lookup
185 18
+8 4
+3 6
+45 4
+6 2
-6 1
+6 2
+8 2
+20 2
-20 2
+7 2
-7 2
+20 2
-20 2
+7 4
-7 2
+7 2
+13 350
cfn=(136) _dl_cache_libcmp
calls=22 139 
* 1632
* 100
-76 4
cfi=(31) /usr/src/debug/glibc-2.17-c758a686/elf/dl-misc.c
cfn=(134) _dl_sysdep_read_whole_file
calls=1 43 
* 94
+8 1
-8 1
+8 4
+1 4
cfi=(14) /usr/src/debug/glibc-2.17-c758a686/string/../string/memcmp.c
cfn=(30) bcmp
calls=1 319 
* 112
* 2
+7 1
-3 1
+3 3
+3 1
+1 2
-1 1
+1 1
+1 3
cfi=(14)
cfn=(30)
calls=1 +99 
* 111
* 2
+2 2
+53 28
cfn=(136)
calls=2 139 
* 144
* 10
-12 6
+12 2
-12 4
-1 4
+13 46
+16 4
+4 4
+8 4
cfi=(10) /usr/src/debug////////glibc-2.17-c758a686/string/../sysdeps/x86_64/rtld-strlen.S
cfn=(20) strlen
calls=2 28 
* 133
* 34
+1 2
-1 2
+1 4
cfi=(18)
cfn=(46) memcpy
calls=2 61 
* 54
+1 4
cfi=(40) /usr/src/debug/glibc-2.17-c758a686/string/strdup.c
cfn=(138) strdup
calls=2 40 
* 226
+1 16

fn=(136)
139 72
+1 52
+2 242
+2 121
-2 121
+2 4
+6 2
+2 2
-1 2
-1 2
+1 2
-1 2
+2 6
+2 10
+2 4
+6 238
+2 432
+4 97
+1 97
-29 194
+32 4
+1 4
-8 22
+8 44

fl=(36)
fn=(116)
30 8
+1 8
+1 8
+1 2154
+1 8
+1 8

fl=(33) /usr/src/debug/glibc-2.17-c758a686/io/../sysdeps/unix/sysv/linux/wordsize-64/fxstat.c
fn=(110) _fxstat
36 4
-1 4
+1 4
+1 24
+4 4

fl=(24) /usr/src/debug/glibc-2.17-c758a686/elf/dl-hwcaps.c
fn=(66) _dl_important_hwcaps
39 8
+2 1
-2 1
+3 1
-3 2
+3 1
-3 1
+2 3
+1 2
+9 1
-10 1
+10 2
+10 4
+42 1
+3 17
+1 1
-1 4
+30 2
+8 2
+2 3
+1 2
+1 2
+3 2
+7 1
-7 1
+1 1
+7 1
-1 1
+4 3
+1 1
-1 6
+1 1
+18 12
+1 4
cfi=(17)
cfn=(40) malloc
calls=1 -89 
* 34
* 1
+1 1
-1 1
+1 4
+26 1
+3 1
-3 2
+3 1
+28 9
+1 2
-1 2
+1 6
-1 8
+5 6
+3 1
-3 1
+3 2
-3 1
+3 1
-3 2
+3 1
-3 1
+3 2
-3 1
+3 3
+1 12
+1 4
-1 4
+1 8
-2 4
+1 8
-1 14
+4 4
+3 1
+2 2
-1 1
-1 2
+2 10
+13 2
+1 1
-1 1
+3 2
-3 2
+1 1
-1 1
+3 2
+3 3
+3 9
-65 4
cfi=(18)
cfn=(68)
calls=1 61 
* 22
+1 2
-1 2
+1 1
cfi=(18)
cfn=(68)
calls=1 61 
* 22
* 4

fl=(19) /usr/src/debug////////glibc-2.17-c758a686/string/../sysdeps/x86_64/strcmp.S
fn=(54) strcmp
134 620
+1 620
+1 620
+1 338
+1 338
+1 338
+1 338
cfn=(55) strcmp'2
calls=338 -6 
* 13093
+5 282
+1 282
+1 282
+1 282

fn=(55)
134 1829
+1 1829
+1 1829
+1 1636
+1 1636
+1 1636
+1 1636
cfn=(55)
calls=1491 -6 
* 62153
+2 145
+1 145
+2 193
+1 193
+1 193
+1 193

fl=(2)
fn=(82) handle_ld_preload
970 9
+1 1
-76 1
+86 1
-11 2
-75 6
+80 3
fi=(28) /usr/src/debug/glibc-2.17-c758a686/elf/../string/bits/string2.h
+9 3
+1 5
-1 264
+1 132
+1 66
-2 66
+2 66
-2 199
+2 1
-2 3
fe=(2)
-5 3
+10 4
108 3
992 2
890 1
+5 5
-10 1
+4 1
+1 1
+1 1
+2 1
+2 1
cfi=(29)
cfn=(86)
calls=1 159 
* 2650
+1 2
+8 3
+89 1
-18 3
+21 9
-15 4
cfi=(18)
cfn=(46)
calls=1 61 
* 66
* 1
+1 3

fn=(24) dl_main
1005 10
+19 1
2598 1
1005 1
2598 1
1005 1
+19 1
+3 1
-22 2
+22 1
+4 2
+1 2
+5 2
2591 2
+7 1
-5 1
+5 4
+5 1
cfi=(12) /usr/src/debug/glibc-2.17-c758a686/elf/dl-tunables.c
cfn=(26) _dl_process_tunable_env_entries
calls=1 37 
* 295
* 1
-9 4
+11 2
cfi=(13) /usr/src/debug/glibc-2.17-c758a686/elf/dl-environ.c
cfn=(28) _dl_next_ld_env_entry
calls=1 30 
* 182
* 4
cfi=(13)
cfn=(28)
calls=2 30 
* 130
* 9
+4 48
+1 19
-1 57
+3 4
+6 16
2766 3
+30 3
1045 2
-2 1
+2 1
1241 7
cfi=(15) /usr/src/debug/glibc-2.17-c758a686/elf/dl-object.c
cfn=(32) _dl_new_object
calls=1 62 
* 244
* 1
+3 1
+1 1
+5 2
-5 1
+1 1
1014 1
1246 1
+4 1
cfi=(15)
cfn=(48) _dl_add_to_namespace_list
calls=1 33 
* 34
* 3
+30 1
-3 1
-5 1
+1 1
+2 1
+5 6
+56 2
1011 1
1336 2
-55 24
-1 27
+1 47
-1 2
1383 3
+3 2
+2 2
+2 2
+13 2
+1 8
cfi=(19)
cfn=(54)
calls=1 134 
* 7
* 3
+11 1
-4 1
+1 1
-3 1
+6 1
+6 2
fi=(3) /usr/src/debug/glibc-2.17-c758a686/elf/get-dynamic-info.h
29 1
+9 2
+6 1
-2 1
+2 2
+7 1
+5 1
+3 1
+2 1
-3 1
-3 1
-3 14
+10 3
-18 9
+8 21
+10 21
-18 63
+2 48
+5 12
+18 3
+67 3
+14 3
+18 2
fe=(2)
1426 2
cfi=(6) /usr/src/debug/glibc-2.17-c758a686/elf/dl-lookup.c
cfn=(10) _dl_setup_hash
calls=1 865 
* 14
+3 2
fi=(20) /usr/src/debug/glibc-2.17-c758a686/elf/setup-vdso.h
24 2
fe=(2)
1451 1
cfi=(21) /usr/src/debug/glibc-2.17-c758a686/elf/../sysdeps/unix/sysv/linux/dl-sysdep.c
cfn=(60) _dl_discover_osversion
calls=1 45 
* 93
* 8
1285 3
+1 1
+90 2
+1 2
+1 1
-6 2
+1 1
-37 2
-1 2
+1 4
-1 2
+2 4
+1 1
+3 2
+1 2
-1 2
+1 2
+1 2
+1 6
+1 2
-45 1
+9 1
-9 1
+9 1
-7 1
+25 1
-25 1
-3 1
+10 1
-19 3
+1 1
2693 4
+1 4
cfi=(14)
cfn=(30)
calls=1 319 
* 120
* 2
+2 3
-57 4
cfi=(14)
cfn=(30)
calls=1 319 
* 26
* 2
+7 4
cfi=(14)
cfn=(30)
calls=1 319 
* 80
* 2
+2 3
1456 2
cfi=(23) /usr/src/debug/glibc-2.17-c758a686/elf/dl-load.c
cfn=(64) _dl_init_paths
calls=1 710 
* 1965
+3 3
cfi=(26) /usr/src/debug/glibc-2.17-c758a686/elf/dl-debug.c
cfn=(76) _dl_debug_initialize
calls=1 51 
* 17
+7 1
-7 1
+2 1
+5 1
+3 3
+1 1
+3 1
-3 3
+1 2
+3 1
+5 1
-7 1
+7 1
+1 5
+4 1
+4 1
-2 4
+1 2
+1 3
+5 2
+1 6
+2 2
+1 2
+5 2
+6 4
+1 2
-2 1
1020 1
1688 1
cfi=(27)
cfn=(78)
calls=1 111 
* 4
* 1
+8 3
+3 2
+4 3
+7 1
+4 3
+19 3
+16 3
cfi=(32) /usr/src/debug////////glibc-2.17-c758a686/io/../sysdeps/unix/syscall-template.S
cfn=(122) access
calls=1 81 
* 9
* 2
+77 4
+17 3
+1 1
-1 1
+1 2
-1 1
+1 5
cfi=(37)
cfn=(124) _dl_map_object_deps
calls=1 147 
* 16342
+1 1
+5 1
-5 3
+2 2
+3 4
+1 4
-1 2
+1 16
-1 8
+4 3
+1 3
+1 1
+2 2
+1 5
-1 5
+1 6
-1 9
-28 11
168 2
1872 1
-1 2
+1 1
+2 1
+2 3
+2 1
-4 1
+4 2
+15 2
+1 3
+13 1
-2 1
+2 1
-2 1
+2 1
-1 1
-1 2
+2 1
cfi=(29)
cfn=(142)
calls=1 197 
* 4558
+10 1
+1 1
-1 1
+1 1
+1 1
cfn=(152) init_tls
calls=1 803 
* 626
* 1
+2 2
932 1
fi=(106) /usr/src/debug/glibc-2.17-c758a686/elf/../sysdeps/unix/sysv/linux/dl-osinfo.h
86 2
fe=(2)
934 1
fi=(106)
112 1
fe=(2)
943 1
+7 1
-5 1
1926 2
2159 3
+56 1
+4 1
+7 1
-11 1
+4 3
+4 2
+3 1
+8 2
+99 4
+2 1
+5 2
cfi=(27)
cfn=(214)
calls=1 443 
* 254
+4 2
+16 2
+29 1
cfi=(7) /usr/src/debug/glibc-2.17-c758a686/elf/../elf/dl-sysdep.c
cfn=(216) _dl_sysdep_start_cleanup
calls=1 251 
* 1
+4 3
+20 3
cfi=(26)
cfn=(76)
calls=1 51 
* 8
+1 1
-1 1
+2 1
cfi=(26)
cfn=(80) _dl_debug_state
calls=1 75 
* 1
+1 1
+4 1
cfi=(39)
cfn=(218)
calls=1 316 
* 15
+5 8
1445 3
1735 3
+1 1
-1 2
+1 1
cfn=(82)
calls=1 970 
* 3594
* 1
+1 4
+2 3
-31 2
+1 1
cfi=(26)
cfn=(80)
calls=1 75 
* 1
* 1
2360 2
+15 1
+3 1
-3 1
+3 1
-3 2
+3 2
-3 1
+2 1
+1 1
cfi=(42) /usr/src/debug/glibc-2.17-c758a686/elf/dl-reloc.c
cfn=(158) _dl_relocate_object
calls=1 148 
* 9195
+1 4
+2 3
2209 1
1013 2
1869 2
2280 3
+7 1
+2 11
+2 1
+2 15
+5 10
+2 10
+8 5
-2 5
+2 10
+1 32
cfi=(42)
cfn=(158)
calls=4 148 
* 121391
+4 17
-22 14
+25 4
+2 1
+6 1
-6 1
+6 1
1830 6
+1 1
-1 2
+4 1
+1 1
-1 1
+2 2
2302 1
+1 1
-3 2
+14 2
cfi=(27)
cfn=(188)
calls=1 879 
* 24
* 1

fn=(50) rtld_lock_default_lock_recursive
917 10

fn=(2) _dl_start
441 9
+18 4
fi=(3)
44 1
fe=(2)
459 1
fi=(5) /usr/src/debug/glibc-2.17-c758a686/elf/../sysdeps/x86_64/dl-machine.h
59 3
fi=(3)
-15 1
fe=(2)
488 1
-3 1
fi=(3)
44 1
+17 2
-3 1
-7 1
+5 1
+3 1
+2 1
-3 1
-3 1
-3 2
-5 28
+15 14
-18 42
+18 1
-18 3
+2 40
+5 24
+1 20
+10 5
-18 15
+25 2
+20 4
+1 4
+1 4
+1 4
+2 4
+5 4
+1 4
+1 4
fe=(2)
621 34
fi=(4) /usr/src/debug/glibc-2.17-c758a686/elf/do-rel.h
111 1
-28 1
+28 2
fi=(5)
497 3
fi=(4)
111 2
fi=(5)
497 1
fi=(4)
111 1
fi=(5)
497 27
fi=(4)
111 18
fi=(5)
497 9
fi=(4)
111 9
+13 1
fi=(5)
309 1
fi=(4)
124 2
+13 1
+2 2
-2 1
fi=(5)
263 1
fi=(4)
137 1
fi=(5)
291 1
fi=(4)
137 2
fi=(5)
291 1
fi=(4)
137 7
+2 14
-2 7
fi=(5)
263 7
fi=(4)
137 7
fi=(5)
291 7
fi=(4)
137 14
fi=(5)
291 7
+9 16
+3 8
-3 16
+3 24
+6 48
fi=(3)
53 4
+3 4
+3 4
+1 1
+1 2
fe=(2)
378 1
623 1
378 1
cfi=(6)
cfn=(10)
calls=1 865 
* 23
+1 2
+1 2
+1 2
+1 2
+20 1
+9 1
-9 3
+9 1
-6 1
-3 1
+9 1
cfi=(7)
cfn=(12) _dl_sysdep_start
calls=1 86 
* 161020
* 1
+9 4
+3 1
+4 1
-4 1
+4 1
648 9
fi=(5)
398 8
+9 8
fi=(4)
124 25
fe=(2)

fn=(88)
877 14

fn=(52) rtld_lock_default_unlock_recursive
923 10

fn=(152)
803 1
-1 1
-6 1
+2 2
+4 1
+10 2
-4 1
+4 2
cfi=(17)
cfn=(36)
calls=1 102 
* 43
* 1
-1 1
+6 1
-9 1
+11 1
+6 1
-1 1
+1 12
+2 10
+4 1
+2 1
-2 2
-5 10
+12 1
cfi=(27)
cfn=(154)
calls=1 144 
* 56
+7 1
cfi=(27)
cfn=(156)
calls=1 349 
* 455
+1 1
-1 1
+1 1
+6 1
+8 1
-8 1
+8 6
+4 2
+3 2

fn=(92)
704 2
+2 7
cfi=(23)
cfn=(94) _dl_map_object
calls=1 2094 
* 2580
* 1
+2 2

fn=(144)
736 2
+2 4
cfi=(41) /usr/src/debug/glibc-2.17-c758a686/elf/dl-version.c
cfn=(146) _dl_check_all_versions
calls=1 381 
* 4518
* 2
+4 2

fl=(30)
fn=(90)
26 6
+9 6
+1 12
+1 6
+4 6
+1 6
+1 6
+1 6
+1 6
+2 12
+2 6
+1 6
+1 6
+2 12
+2 6
+4 6
+1 6

fl=(32)
fn=(104) read
81 12
+1 3

fn=(122)
81 4
+2 5

fn=(120) close
81 16
+1 4

fn=(102) open
81 56
+1 4
+1 50

fl=(7)
fn=(216)
251 1

fn=(12)
86 7
+25 1
-1 1
+1 1
-25 1
+25 147
+6 1
-3 1
+1 1
-4 1
+3 1
+3 4
+1 6
-1 3
-29 1
-1 2
+31 108
-1 86
fi=(21)
-82 2
cfi=(8) /usr/src/debug/glibc-2.17-c758a686/elf/../sysdeps/unix/sysv/linux/x86_64/brk.c
cfn=(14) brk
calls=1 -4 
* 12
fi=(5)
220 5
+4 1
cfi=(9) /usr/src/debug/glibc-2.17-c758a686/elf/../sysdeps/x86/cpu-features.c
cfn=(18) init_cpu_features.constprop.0
calls=1 39 
* 115
fe=(7)
+2 3
+1 1
cfi=(10)
cfn=(20)
calls=1 28 
* 41
* 1
+2 2
cfi=(11) /usr/src/debug/glibc-2.17-c758a686/elf/../misc/sbrk.c
cfn=(22) sbrk
calls=1 34 
* 17
* 3
+12 3
+3 6
cfi=(2)
cfn=(24)
calls=1 1005 
* 160408
+2 9
-67 1
+1 1
-29 1
+1 1
+11 1
+1 1
-7 1
+1 1
-4 1
+1 1
-25 1
+1 1
-4 1
+1 1
-7 1
+1 1
+2 1
+1 1

fl=(37)
fn=(126)
60 10
+7 5
-4 15
+1 5
-1 5
+1 5
-1 25
cfi=(23)
cfn=(94)
calls=5 2094 
* 13535
* 5
+5 10

fn=(124)
147 1
+1 1
-1 2
+1 1
-1 1
+1 1
-1 1
+1 2
-1 4
+1 2
-1 1
+1 2
-1 1
+1 10
+15 1
-15 1
+16 1
-2 1
+1 1
-15 1
+16 1
+6 3
+10 1
-10 1
+10 3
-14 1
-4 1
+2 1
+17 1
-17 1
-2 2
+2 1
-2 1
+2 1
-2 1
+1 1
+1 1
+6 3
+10 1
-10 1
+10 3
-16 4
+20 1
+21 1
+1 1
-22 2
+19 1
-12 1
+15 1
-16 1
+13 1
347 9
215 1
+4 1
-8 1
+8 2
-4 4
+4 4
-8 4
+8 8
+12 15
+2 6
+6 3
-6 3
+6 3
+1 3
+4 3
-4 3
+1 3
+3 3
-6 3
+3 3
+3 9
-32 3
+32 6
+50 10
+1 9
-51 316
+1 158
+6 25
cfi=(25) /usr/src/debug////////glibc-2.17-c758a686/string/../sysdeps/x86_64/rtld-strchr.S
cfn=(70) index
calls=5 40 
* 391
* 10
+5 25
-3 5
+3 5
cfi=(29)
cfn=(86)
calls=5 -97 
* 13910
+2 15
+15 5
+2 10
+5 18
+6 3
+4 3
-10 6
+3 3
+1 3
+6 3
-5 3
+1 3
+4 3
-2 3
+2 6
-2 9
-57 8
-19 2
475 10
+2 9
+3 6
-1 3
cfi=(17)
cfn=(40)
calls=3 93 
* 102
* 3
+2 3
-2 3
+2 3
+3 3
+1 15
-1 3
+1 3
cfi=(18)
cfn=(46)
calls=3 61 
* 68
+1 15
cfi=(18)
cfn=(46)
calls=3 61 
* 68
+4 3
-1 3
+5 36
+3 12
-1 5
+1 10
204 1
501 6
+1 2
+3 6
+11 4
-1 1
cfi=(17)
cfn=(40)
calls=1 93 
* 34
* 1
+3 1
-3 1
+3 2
+5 7
+1 4
+2 11
+6 12
+4 4
-10 4
+10 4
-10 9
+6 3
+4 1
-10 1
+10 1
-10 3
+13 2
+53 4
+43 19
+1 2
-1 1
-1 1
+2 1
cfi=(36)
cfn=(116)
calls=1 30 
* 16
* 10
+11 1
-6 1
-1 1
+1 1
+6 2
-11 9
+11 3
-6 3
-1 3
+1 3
+6 9
+2 12
+1 6
-1 12
+1 9
+3 21
-1 30
+23 6
-28 12
+31 12
+3 30
cfi=(36)
cfn=(116)
calls=3 30 
* 30
* 17
219 10
+1 22
+2 3
+2 9
+2 22
+71 222
688 2
+2 1
+1 1
-1 1
+9 3
+3 2
+3 8
-42 3
-35 10
cfi=(18)
cfn=(46)
calls=1 61 
* 42
+2 4
226 26

fl=(11)
fn=(22)
34 4
+8 6
+4 2
+11 5

fl=(41)
fn=(150) match_symbol
76 77
+9 7
-8 7
-1 14
+1 7
+8 7
+6 21
+18 14
+5 14
+14 114
+12 150
+4 50
-30 100
+16 7
+3 28
cfi=(19)
cfn=(54)
calls=7 +1 
* 623
* 14
+35 56

fn=(146)
381 6
+4 4
-2 2
+4 35
cfn=(148) _dl_check_map_versions
calls=5 174 
* 4429
-2 5
+2 15
-1 5
-1 10
+5 7

fn=(148)
174 45
+15 5
-15 10
+15 10
+2 5
+3 5
-3 5
+2 5
+1 5
+2 5
-3 5
+3 5
+3 12
+4 18
+17 3
56 3
220 3
56 3
220 3
56 15
220 1
56 1
220 1
56 1
220 1
56 5
+1 14
-1 28
+2 54
cfi=(31)
cfn=(96) _dl_name_match_p
calls=18 304 
* 1240
* 40
228 12
+5 32
+20 3
-16 87
cfn=(150)
calls=2 76 
* 391
* 15
cfn=(150)
calls=5 76 
* 919
* 7
+8 28
+3 29
+9 16
+5 1
+1 1
-80 2
-8 2
+96 15
+3 9
+10 28
-7 112
+3 84
-3 12
+3 9
+8 5
+86 5
-86 5
+87 8
-81 16
cfi=(17)
cfn=(36)
calls=4 102 
* 220
* 4
+1 4
-2 4
+2 4
+11 4
-3 4
+3 8
+2 12
+3 12
+4 12
+18 3
-15 9
+2 9
-2 12
+2 12
+2 7
+1 7
-1 14
+1 7
-1 7
+1 7
+1 7
-2 7
+2 14
+1 21
+3 21
+8 12
+5 1
+1 1
+4 12
+3 12
+20 28
-14 28
-2 28
+2 31
-2 3
+2 3
+4 28
+2 28
-1 56
+1 28
-1 84
+1 28
+1 28
+3 93
+10 4
-1 4
+1 28

fl=(18)
fn=(46)
61 21
+2 21
+2 21
+3 20
+1 20
+2 5
+1 5
+2 5
+1 5
+5 5
+1 5
-1 15
+1 15
+2 2
+1 2
+2 2
+1 4
+5 2
+1 2
-1 18
+1 18
+2 3
+1 3
+2 3
+1 3
+5 3
+1 3
-1 17
+1 17
+2 11
+1 11
+2 11
+1 11
+5 11
+1 11
-1 9
+1 18
+5 9
+1 9
+1 9
+1 9
+2 9
+2 9
+1 9
+2 9
+8 20
+8 4
+6 4
+2 4
+1 4
+3 1
+1 3
+5 1
+1 1
+2 1
+2 1
+1 1
+2 1
-8 2
+1 2
+2 2
+2 2
+1 2
+2 4
+9 1
+1 1
-1 3
+1 3
+3 4
+1 4
+1 4
+5 4
+2 4
+1 4
+1 4
+1 4
+2 4
+1 4
+1 4
+1 4
+2 4
+1 4
+2 4
+2 3
+2 3
+1 3
+1 3
+1 3
+2 3
+1 3
+1 3
+1 3
+2 3
+1 3
+2 9
+5 3
+6 3
+1 3
-7 1
+6 1
+1 1
+2 1

fn=(68)
61 32
+4 32
+3 32
+1 32
+2 13
+1 13
+2 13
+1 13
+5 13
+1 13
-1 19
+1 19
+2 19
+1 19
+2 19
+1 19
+5 19
+1 19
-1 13
+1 13
+2 12
+1 12
+2 12
+1 12
+5 12
+1 12
-1 20
+1 20
+2 18
+1 18
+2 18
+1 36
+5 18
+1 18
-1 14
+1 17
+5 3
+1 3
+1 3
+1 3
+2 3
+2 3
+1 3
+2 3
+6 32
+4 32
+12 1
+2 1
+1 1
+26 1
+1 1
+3 1
+1 1
+1 1
+5 1
+2 1
+1 1
+1 1
+1 1
+2 1
+1 1
+1 1
+1 1
+2 1
+1 1
+2 1
+2 1
+2 1
+1 1
+1 1
+1 1
+2 1
+1 1
+1 1
+1 1
+2 1
+1 1
+2 3
+5 1
+2 1

fl=(6)
fn=(10)
865 15
+4 3
+4 6
+2 3
-1 3
+4 3
+4 3
-4 3
+1 6
+2 3
-2 3
+3 3
+2 3
+1 3
+1 12
+1 3
+3 6
+2 2
+2 2
+2 2
+1 2
+1 2
-4 2
+4 4

fn=(166) do_lookup_x
82 1026
+1 114
-6 114
+5 342
-5 798
+11 114
+1 114
233 114
-3 114
+3 114
-3 342
98 114
-3 114
+1 114
+2 114
+3 114
-3 114
+3 114
-3 347
-3 347
+1 347
+2 347
+3 347
-3 347
+3 347
+4 946
+4 916
+4 916
+7 1374
+4 916
+1 1374
226 458
+1 916
+4 476
-2 238
+5 952
+4 476
-1 476
+1 238
-1 476
+21 141
+24 712
462 1947
+1 320
cfi=(31)
cfn=(96)
calls=64 304 
* 2995
* 384
+3 1077
+3 24
287 752
+4 252
+13 102
+1 102
-1 102
+1 102
+1 102
470 912
241 404
-1 202
+2 202
+2 300
+10 285
-7 960
+2 194
+1 388
-1 582
+1 291
cfn=(170) check_match.9524
calls=97 132 
* 15400
+1 485
+11 1304
+6 1119
+2 2644
-2 661
+2 661
-2 661
+4 4662
cfn=(170)
calls=666 132 
* 21683
+1 3335
-10 114
fi=(43) /usr/src/debug/glibc-2.17-c758a686/elf/../sysdeps/generic/dl-hash.h
32 114
-1 114
+1 570
+2 228
+1 342
+2 228
+1 342
+2 228
+1 342
+2 109
+1 109
-1 109
+2 327
+3 2829
+1 1886
+13 1886
-17 2829
+22 654
fe=(6)
263 218
fi=(43)
67 25
fe=(6)
263 10

fn=(170)
132 5341
+1 1526
+2 1526
+2 1107
-2 738
+12 1107
+3 1926
cfi=(19)
cfn=(54)
calls=297 -16 
* 5177
* 594
+5 102
-1 102
+1 102
-1 102
+1 102
+2 202
+19 202
+1 808
+46 612
-18 2
+2 2
+1 4
-1 2
+1 1
-1 2
+9 267
+7 3966
-45 303
cfi=(19)
cfn=(54)
calls=101 -44 
* 8784
* 404
-43 788
+81 1182

fn=(164) _dl_lookup_symbol_x
716 1368
477 114
716 228
477 342
-1 228
+2 114
-1 114
+1 342
-1 342
+1 1394
-1 1394
+1 4182
-1 4410
718 114
+4 114
+9 114
-13 114
+15 114
-14 228
+14 114
-2 114
+6 912
+2 1482
cfn=(166)
calls=114 82 
* 97743
+3 228
+3 12
-8 48
-7 228
+40 228
+24 102
+1 714
+26 102
+9 510
+14 306
+3 408
+5 102
+2 912
-82 84
+18 12
+1 24
+54 2

fl=(12)
fn=(26)
37 1
-8 1
+8 1
+1 4
+4 95
+1 1
-1 4
+3 2
+12 46
-19 138
+22 2

fl=(22) /usr/src/debug////////glibc-2.17-c758a686/posix/../sysdeps/unix/syscall-template.S
fn=(62) uname
81 4
+1 1

fl=(25)
fn=(70)
40 10
+1 10
+1 10
+1 10
+1 7
+1 7
+3 7
+1 7
+1 7
-2 31
+1 31
+1 31
+1 38
+1 38
+1 38
+1 38
+1 38
+9 10
+1 10
+1 10
+2 20
+32 10
+1 10
+1 10
+1 10
+2 10
+3 10
-8 2
+1 2
+1 2
+1 2
+2 2
+3 2
+1 12
+1 12
+1 12
+2 12
+5 11
+1 11
+1 11
+3 11
+1 10
+1 10
+1 10
+2 10
+3 6
+1 6
+1 6
+1 6
+2 6
+3 6
+1 6
+1 6
+1 6
+2 6
+5 6
+1 6
+1 6
+3 6
+1 6
+1 6
+1 6
+2 6
+2 3
+1 3
+1 3
+1 3
+2 3
+3 3
+1 3
+1 3
+1 3
+2 3
+5 3
+1 3
+1 3
+3 3
+1 2
+1 2
+1 2
+2 2
+2 2
+1 2
+1 2
+1 2
+2 2
+3 2
+1 2
+1 2
+1 2
+2 2
+5 2
+1 2
+1 2
+3 2
+1 2
+1 2
+1 2
+2 2
+4 9
+1 9
+11 1
+1 1
+1 1
+1 1
+47 1
+1 1

fl=(38) /usr/src/debug/glibc-2.17-c758a686/io/../sysdeps/unix/sysv/linux/wordsize-64/xstat.c
fn=(130) _xstat
36 8
-1 8
+1 8
+1 48
+4 2
-4 24

fl=(60) /usr/src/debug/glibc-2.17-c758a686/elf/dl-init.c
fn=(224) _dl_init
90 10
+5 1
-4 1
-1 1
+2 1
+3 2
+7 6
+28 3
+1 4
-97 3
+97 16
-97 12
+9 4
-3 8
+3 12
+5 9
+5 4
+8 4
+2 4
+4 8
cob=(2)
cfi=(16)
cfn=(258)
calls=1 -67 
* 6
cob=(3)
cfi=(62) /usr/src/debug/glibc-2.17-c758a686/csu/../csu/init-first.c
cfn=(238) _init
calls=1 -15 
* 148
+4 2
+1 4
+6 4
+2 4
-2 2
+3 12
+1 8
cob=(4) /usr/lib64/libm-2.17.so
cfi=(55) ???
cfn=(262) 0x00000000000056d0
calls=1 -82 
* 16
cob=(3)
cfi=(67) /usr/src/debug/glibc-2.17-c758a686/string/../sysdeps/x86_64/cacheinfo.c
cfn=(248) init_cacheinfo
calls=1 478 
* 1877
* 2
-1 8
+49 10
+4 1
+1 8
-86 4
-15 3
+9 1
-3 2
+3 3
+5 3
+5 2
+8 2
+2 2
+4 5
cob=(2)
cfi=(16)
cfn=(226)
calls=1 -67 
* 6
* 1
+4 1
+1 2
+6 2
+2 2
-2 1
+3 6
+1 4
cob=(5)
cfi=(61)
cfn=(230)
calls=1 -82 
* 17
* 1
-1 4
+17 2
-54 3

fl=(14)
fn=(30)
319 17
+3 17
-3 85
+4 17
-4 17
+7 34
+4 15
+2 1
+1 1
+1 1
+1 1
+2 2
-5 1
+1 1
+1 1
+1 1
+2 2
+2 2
-9 6
+16 5
+1 10
-1 10
133 14
-18 6
350 4
+4 3
+2 3
-2 6
+1 3
+5 30
+2 13
+1 13
+1 13
+3 143
-3 81
-2 81
+1 81
+4 162
-7 182
+12 12
+1 136
232 3
-7 3
+1 3
+4 3
+2 3
-6 3
+4 3
+2 15
-95 2
+1 2
+1 2
+1 2
+1 2
+48 2
-2 2
+1 2
+1 14
-80 2
+1 4
+4 4
-5 8
+1 16
+4 18
238 3
+2 3
-4 3
+1 3
+4 3
-2 3
+56 6
-2 3
+2 6
-1 3
+1 6
+1 6
+12 18
+1 6
-6 6

fl=(42)
fn=(158)
148 50
+15 5
-15 10
+15 5
+1 20
+6 10
+6 15
-18 6
+22 6
+8 10
-33 5
+78 5
fi=(5)
76 5
fe=(42)
233 10
fi=(5)
76 15
fe=(42)
259 224
159 15
fi=(5)
298 24
fe=(42)
-39 3
fi=(4)
48 3
fe=(42)
259 3
fi=(4)
58 3
fe=(42)
259 3
fi=(4)
47 6
+11 6
fe=(42)
259 2
159 10
fi=(5)
298 16
fe=(42)
-39 2
fi=(4)
48 2
fe=(42)
259 2
fi=(4)
58 2
fe=(42)
259 2
fi=(4)
47 4
+11 4
fe=(42)
259 5
fi=(4)
48 5
fe=(42)
259 5
fi=(4)
58 5
fe=(42)
259 5
fi=(4)
47 10
+11 10
+3 12
fi=(5)
507 62
+4 62
+2 93
+1 31
fi=(4)
61 126
+2 129
+2 38
-4 3
+13 6
+1 5
+1 24
fi=(5)
507 12
+24 12
fi=(4)
75 12
fi=(5)
531 12
+2 12
cob=(4)
cfi=(55)
cfn=(212) sin
calls=1 0 
* 8
cob=(4)
cfi=(55)
cfn=(210) __atan2_finite
calls=1 0 
* 8
cob=(4)
cfi=(57) /usr/src/debug/glibc-2.17-c758a686/math/../sysdeps/x86_64/fpu/multiarch/e_asin.c
cfn=(208) __asin_finite
calls=1 16 
* 5
cob=(4)
cfi=(59) /usr/src/debug////////glibc-2.17-c758a686/math/../sysdeps/x86_64/fpu/multiarch/s_floor.S
cfn=(206) floor
calls=1 25 
* 5
cob=(4)
cfi=(58) /usr/src/debug////////glibc-2.17-c758a686/math/../sysdeps/x86_64/fpu/multiarch/s_floorf.S
cfn=(204) floorf
calls=1 25 
* 5
cob=(4)
cfi=(57)
cfn=(202) __acos_finite
calls=1 10 
* 5
cob=(4)
cfi=(56) /usr/src/debug////////glibc-2.17-c758a686/math/../sysdeps/x86_64/fpu/multiarch/s_rintf.S
cfn=(200) rintf
calls=1 25 
* 5
cob=(4)
cfi=(55)
cfn=(198) __log_finite
calls=1 0 
* 8
cob=(4)
cfi=(54) /usr/src/debug/glibc-2.17-c758a686/math/../sysdeps/x86_64/fpu/multiarch/e_pow.c
cfn=(196) __pow_finite
calls=1 8 
* 5
cob=(4)
cfi=(53) /usr/src/debug////////glibc-2.17-c758a686/math/../sysdeps/x86_64/fpu/multiarch/s_rint.S
cfn=(194) rint
calls=1 25 
* 5
cob=(4)
cfi=(52) /usr/src/debug/glibc-2.17-c758a686/math/../sysdeps/x86_64/fpu/multiarch/s_sin.c
cfn=(192) cos
calls=1 20 
* 8
cob=(4)
cfi=(51) /usr/src/debug/glibc-2.17-c758a686/math/../sysdeps/x86_64/fpu/multiarch/e_exp.c
cfn=(190) __exp_finite
calls=1 15 
* 8
fi=(4)
75 12
fi=(5)
534 12
fi=(4)
75 14
fe=(42)
259 3
fi=(4)
75 9
fe=(42)
259 27
+3 15
+24 5
+3 10
+17 15
+2 40
fi=(4)
84 7
+2 14
+12 7
-15 7
+15 7
-15 7
+15 7
+10 10
+3 13
fi=(5)
497 9
fi=(4)
111 12
fi=(5)
497 3582
fi=(4)
111 4776
+7 21
+3 6
+3 6
-3 6
+3 6
-74 4
fi=(5)
424 4
fi=(4)
51 4
fi=(5)
424 16
fi=(4)
127 496
+9 234
+3 234
fi=(5)
266 117
fi=(4)
138 117
-2 117
+1 468
fi=(5)
266 117
+21 234
+4 234
+7 1518
fi=(4)
137 91
fi=(5)
298 182
fi=(4)
137 91
fi=(5)
298 91
fi=(4)
138 91
fi=(5)
298 182
fi=(4)
137 91
fi=(5)
298 283
fi=(4)
137 10
fi=(5)
298 20
fi=(4)
137 10
fi=(5)
298 10
fi=(4)
138 10
fi=(5)
298 20
fi=(4)
137 10
fi=(5)
298 1242
cfi=(6)
cfn=(164)
calls=101 716 
* 104695
* 404
+2 312
+3 109
-3 218
+3 327
+6 819
fe=(42)
177 10
+1 2
+2 4
+79 10
fi=(5)
82 6
+4 9
+14 3
-8 3
+8 6
+20 6
+11 12
417 300
fi=(4)
124 384
+19 8
+1 26
+1 21
+3 14
+4 14
-1 7
-3 7
+1 7
+1 7
-1 14
fi=(5)
298 28
+2 7
+3 7
-3 7
+3 21
470 14
+1 7
cob=(3)
cfi=(50) ???
cfn=(186) memcpy@GLIBC_2.2.5
calls=1 0 
* 15
cob=(3)
cfi=(49) /usr/src/debug/glibc-2.17-c758a686/time/../sysdeps/unix/sysv/linux/x86_64/gettimeofday.c
cfn=(184) gettimeofday
calls=1 30 
* 22
cob=(3)
cfi=(48) /usr/src/debug////////glibc-2.17-c758a686/string/../sysdeps/x86_64/multiarch/memset.S
cfn=(182) memset
calls=1 27 
* 8
cob=(3)
cfi=(44) /usr/src/debug////////glibc-2.17-c758a686/string/../sysdeps/x86_64/multiarch/strcmp.S
cfn=(180) strncasecmp
calls=1 120 
* 5
cob=(3)
cfi=(47) /usr/src/debug////////glibc-2.17-c758a686/string/../sysdeps/x86_64/multiarch/strnlen.S
cfn=(178) strnlen
calls=1 30 
* 5
cob=(3)
cfi=(45) /usr/src/debug/glibc-2.17-c758a686/time/../sysdeps/unix/sysv/linux/x86_64/time.c
cfn=(174) time
calls=1 36 
* 22
cob=(3)
cfi=(44)
cfn=(172) strcasecmp
calls=1 100 
* 5
+1 14
298 39
fi=(4)
129 26
fi=(5)
298 20
+91 39
+4 65
+5 65
-71 2
+1 3
453 9
+4 18
cfi=(18)
cfn=(46)
calls=3 61 
* 54
+2 9
+1 3
fi=(4)
108 3
fe=(42)
314 10
+1 5
+1 5
-1 5
-1 10
+2 5
+3 10
+1 15
cfi=(35)
cfn=(114) mprotect
calls=5 81 
* 25
* 10
fi=(5)
124 12
-2 6
298 14
fi=(4)
129 3
+31 8
+2 20
+8 10
+1 5
-1 5
+1 5
fi=(5)
+95 5
fi=(4)
-96 10
fi=(5)
+96 5
+21 10
+4 10
+7 135
cfi=(6)
cfn=(164)
calls=5 716 
* 5414
* 20
+2 15
+3 1
-3 2
+3 3
+6 35
417 15
fi=(4)
160 15
+14 5
fi=(5)
298 95
fe=(42)

fl=(17)
fn=(74) strsep
340 3
+1 6
+4 64
+7 156
-2 106
+4 2
+6 26
-15 79
+18 1
+4 1
-4 1
+4 2
-11 2
+1 1

fn=(44)
51 108
+1 133
+11 26
+1 26
-1 26
+3 26
-3 26
+3 52
-3 1
+1 1
-1 1
+3 1
-3 1
+3 98
+4 12
+1 9
+6 21
cfi=(34) /usr/src/debug/glibc-2.17-c758a686/misc/../sysdeps/unix/sysv/linux/wordsize-64/mmap.c
cfn=(112) mmap
calls=3 -45 
* 99
+2 15
+4 9
+3 3
+1 3
+2 15
-3 24
+1 24
+2 192
-31 3
+1 1
-2 3

fn=(36)
102 10
+7 30
-3 10
+3 20
+4 10
cfn=(40)
calls=10 -20 
* 441
* 10

fn=(40)
93 26
+1 52
cfn=(44)
calls=26 -43 
* 881
* 26

fl=(10)
fn=(20)
28 18
+1 18
+1 18
+1 18
+2 10
+1 10
+2 10
+1 10
-1 31
+1 31
+1 40
+1 40
+1 40
+2 34
+5 17
+1 17
+1 17
+1 17
+3 17
-6 6
+1 6
+1 6
+1 6
+3 6
+1 19
+1 19
+1 19
+2 19
+3 15
+1 15
+1 15
+1 15
+3 15
+1 14
+1 14
+1 14
+2 14
+3 11
+1 11
+1 11
+1 11
+3 11
+1 6
+1 6
+1 6
+2 6
+3 6
+1 6
+1 6
+1 6
+3 6
+1 6
+1 6
+1 6
+2 6
+3 17
+2 17
+1 17
+1 13
+2 13
+1 13
+1 12
+2 12
+1 12
+1 10
+2 10
+1 10
+1 6
+2 6
+2 6
+1 6
+1 4
+2 4
+1 4
+1 2
+2 2
+1 2
+1 1
+2 1
+1 1
-1 17
+1 17

fl=(9)
fn=(18)
39 1
+7 1
-7 5
+7 1
-7 1
+10 1
-3 1
+3 5
182 2
+1 7
+7 3
+4 2
+2 4
+41 2
+4 4
+1 2
+3 1
+2 1
-2 3
+2 2
+3 2
+51 1
+1 1
+1 1
+1 8
200 2
+1 1
+6 3
+5 3
+16 2
+3 2
60 1
-31 2
+4 1
-4 1
+5 1
-1 1
+31 1
-30 1
+30 1
-31 1
+27 2
-26 1
+30 1
+1 1
-36 2
+3 1
+28 1
+5 1
+5 1
-17 1
+17 1
+3 1
+1 8
+35 1
-56 1
+56 1
+22 1
-78 1
+78 2

fl=(34)
fn=(112)
32 11
+1 11
-1 99
+1 27
+1 110
+2 77
-3 26

fl=(15)
fn=(48)
33 8
+2 4
-2 12
+2 4
cfi=(2)
cfn=(50)
calls=4 917 
* 8
+2 29
+4 6
-1 27
+2 3
+2 3
+4 3
+4 3
-4 6
+1 6
+1 6
+2 3
+1 9
-1 3
cfi=(2)
cfn=(52)
calls=3 923 
* 6
-4 1
+4 1
-4 2
+1 2
+1 2
+2 1
+1 3
-1 1
cfi=(2)
cfn=(52)
calls=1 923 
* 2
-5 2

fn=(32)
62 44
+1 4
-1 8
+1 4
cfi=(10)
cfn=(20)
calls=4 -35 
* 228
+6 4
-6 12
+6 44
+7 16
cfi=(17)
cfn=(36)
calls=4 +26 
* 225
* 4
+3 4
-3 4
+3 4
+4 4
+5 4
-6 4
+6 4
-5 4
+5 4
-1 8
+1 4
cfi=(18)
cfn=(46)
calls=4 -27 
* 120
* 4
+4 4
-2 4
+3 4
-1 4
+1 16
+3 4
-3 4
+3 4
+9 4
-7 4
+4 4
+3 9
+2 2
-2 2
+2 30
-2 30
+12 4
+6 4
-5 4
-1 4
+6 12
-2 4
+2 8
+2 9
+3 9
+4 9
+4 9
+2 1
+6 1
+3 2
+3 5
-3 6
+3 15
+2 3
+4 3
-4 3
cfi=(10)
cfn=(20)
calls=3 28 
* 165
* 6
+4 3
-4 3
+4 9
+64 6
+4 32
-88 9
-39 9
+39 3
+70 9
cfi=(18)
cfn=(68)
calls=3 61 
* 108
* 3
+5 50
+1 50
-1 50
+1 53
-1 3
+1 9
+5 6
-57 6
cfi=(17)
cfn=(40)
calls=3 -67 
* 102
* 3
+1 3
-1 3
+1 9

fl=(31)
fn=(134)
43 1
+7 1
-7 3
+7 1
-7 1
+1 1
-1 2
+7 1
cfi=(32)
cfn=(102)
calls=1 +31 
* 5
+1 1
-1 1
+1 1
+2 4
cfi=(33)
cfn=(110)
calls=1 -17 
* 10
* 2
+2 1
+3 1
-3 1
+3 1
+13 2
cfi=(32)
cfn=(120)
calls=1 +10 
* 5
+3 7
-14 6
cfi=(34)
cfn=(112)
calls=1 -28 
* 33
* 2

fn=(96)
304 500
+1 200
cfi=(19)
cfn=(54)
calls=100 134 
* 707
* 100
+1 100
-1 100
+3 100
+2 200
+4 101
-4 202
+1 324
cfi=(19)
cfn=(54)
calls=108 134 
* 2030
* 216
-5 7
+11 128
-1 93
+1 372

fl=(35)
fn=(220)
81 4
+1 1

fn=(114)
81 32
+1 8

fl=(71) /usr/src/debug/glibc-2.17-c758a686/elf/../elf/dl-runtime.c
fn=(282) _dl_fixup
68 16
+6 16
-6 8
+3 8
-1 8
+1 8
+3 8
+1 8
-1 16
+1 24
+1 8
-1 8
+1 16
+9 16
+4 24
+4 16
+1 32
+2 32
+7 24
-1 8
+11 72
cfi=(6)
cfn=(164)
calls=8 716 
* 9648
* 8
+4 24
+10 48
+16 8
-8 8
+8 24
+4 24
fi=(5)
+85 8
fe=(71)
-81 24

fl=(13)
fn=(28)
30 3
+3 11
+2 92
+11 44
-13 132
-2 1
+19 1
-14 20
+5 2
-3 2
+3 2
+2 2

fl=(70) /usr/src/debug////////glibc-2.17-c758a686/elf/../sysdeps/x86_64/dl-trampoline.h
fn=(280) _dl_runtime_resolve_xsave
71 1
+3 1
+2 1
+10 1
+6 1
+1 1
+1 1
+1 1
+1 1
+1 1
+1 1
+4 1
+1 1
+3 1
+1 1
+2 1
+1 1
+1 1
+1 1
+1 1
+1 1
+2 1
+13 1
+1 1
+1 1
cfi=(71)
cfn=(282)
calls=1 -63 
* 1490
+1 1
+5 1
+1 1
+1 1
+2 1
+1 1
+1 1
+1 1
+1 1
+1 1
+1 1
+2 1
+2 1
+4 1
+3 1

fn=(281) _dl_runtime_resolve_xsave'2
71 7
+3 7
+2 7
+10 7
+6 7
+1 7
+1 7
+1 7
+1 7
+1 7
+1 7
+4 7
+1 7
+3 7
+1 7
+2 7
+1 7
+1 7
+1 7
+1 7
+1 7
+2 7
+13 7
+1 7
+1 7
cfi=(71)
cfn=(282)
calls=7 -63 
* 8710
+1 7
+5 7
+1 7
+1 7
+2 7
+1 7
+1 7
+1 7
+1 7
+1 7
+1 7
+2 7
+2 7
+4 7
+3 7

fl=(26)
fn=(76)
51 10
+5 8
+5 2
-1 1
+1 2
+1 2
-1 2
-9 5
+4 10
+4 1
-1 1
-59 5

fn=(80)
75 2

fl=(8)
fn=(14)
31 1
-3 1
+3 6
+8 1
-6 2
+7 1

fl=(40)
fn=(138)
40 8
+1 2
cfi=(10)
cfn=(20)
calls=2 -13 
* 68
* 2
+1 4
cfi=(17)
cfn=(40)
calls=2 +51 
* 68
* 2
+2 4
+4 2
-1 4
+1 4
-1 4
cfi=(18)
cfn=(46)
calls=2 +14 
* 54

fl=(1) ???
fn=(0) 0x0000000000000ff0
0 2
cfi=(2)
cfn=(2)
calls=1 441 
0 161700
0 14
cfi=(60)
cfn=(224)
calls=1 90 
0 2304
0 3
cob=(6) /h/jfacul01/comp40/HW6/UM/HW7/um
cfi=(69) ???
cfn=(272) 0x0000000000400bb1
calls=1 0 
0 73298

fl=(21)
fn=(60)
45 7
+2 3
+85 8
-45 3
cfi=(22)
cfn=(62)
calls=1 -6 
* 5
* 1
+15 1
-15 1
+20 1
-1 1
+3 12
+4 3
-2 6
+2 10
+2 1
+1 2
-3 4
+7 3
-1 3
+4 3
-2 3
+2 10
+5 2

fl=(23)
fn=(72) fillin_rpath
489 7
+2 1
-2 9
+4 3
cfi=(17)
cfn=(74)
calls=1 340 
* 243
* 6
cfi=(17)
cfn=(74)
calls=2 340 
* 207
* 9
+3 4
cfi=(10)
cfn=(20)
calls=2 28 
* 89
+4 2
-4 2
+4 2
+7 12
+12 25
+1 10
+18 4
+4 6
+1 6
-1 2
+1 2
-2 2
cfi=(17)
cfn=(40)
calls=2 93 
* 68
* 2
+3 2
-3 2
+3 6
+5 2
+1 6
-2 2
+2 2
cfi=(18)
cfn=(68)
calls=2 61 
* 58
+3 2
-3 2
+3 2
-2 2
+2 2
+1 1
+5 4
+1 2
-1 4
+1 26
+1 20
+3 2
-1 4
+1 2
+7 2
+1 2
+3 6
-68 4
+5 4
+3 6
+23 4
+42 1
+3 9
-14 4

fn=(128) open_path
1945 16
+1 2
-1 10
+7 2
-7 2
+1 2
+6 4
+5 34
+74 2
-74 2
-7 2
-1 2
+82 2
-22 2
-52 2
+52 8
-40 2
-9 2
+9 4
-9 2
+9 2
+7 16
cfi=(18)
cfn=(68)
calls=4 61 
* 116
+1 4
-1 4
+1 12
-13 8
+33 16
-20 38
+3 32
+4 80
cfi=(18)
cfn=(68)
calls=10 61 
* 198
* 40
cfi=(18)
cfn=(68)
calls=10 61 
* 230
* 10
+3 10
+3 20
+3 70
cfn=(100) open_verify
calls=10 1681 
* 400
* 10
+2 30
+26 8
+2 6
+36 2
+27 16
-84 16
+1 72
+6 16
+2 24
-2 8
+2 8
cfi=(38)
cfn=(130)
calls=8 36 
* 98
* 16
+1 2
+2 2
-2 2
+2 16
+7 4
-44 4
+37 12
+7 12
-44 14
+85 20
+7 4
-2 4
+2 12
+3 6
+14 6
-72 12

fn=(64)
710 1
+15 2
-15 8
+15 3
cfi=(24)
cfn=(66)
calls=1 39 
* 346
+5 1
-5 1
+5 1
cfi=(17)
cfn=(40)
calls=1 93 
* 34
* 1
+1 1
-1 1
-1 1
+2 1
+8 1
-1 1
+1 1
-1 4
+5 4
cfi=(17)
cfn=(40)
calls=1 93 
* 34
* 1
+2 1
-2 1
-1 1
+3 1
+7 1
+10 1
+9 1
-20 1
+12 1
-1 1
+3 1
+1 1
-1 1
+6 9
+1 10
+2 2
-12 1
+12 1
-14 1
+2 1
+3 1
-2 1
+3 1
-1 8
+1 3
+6 11
-1 2
+14 1
-11 1
+6 1
+1 1
+5 2
+4 3
+32 4
+8 3
cfi=(25)
cfn=(70)
calls=1 40 
* 95
* 2
+2 2
cfi=(10)
cfn=(20)
calls=1 28 
* 76
* 17
cfi=(18)
cfn=(46)
calls=1 61 
* 31
* 1
+17 3
-1 2
+3 1
+1 3
+1 1
-4 3
+2 26
+1 78
+1 26
-4 79
+8 1
cfi=(17)
cfn=(40)
calls=1 93 
* 34
* 1
+1 1
-2 1
+2 1
+6 7
cfn=(72)
calls=1 489 
* 920
+4 3
+6 1
+4 8
-72 1
-2 1
+2 2
+11 2
-46 2
+61 4

fn=(106) _dl_map_object_from_fd
916 33
+11 3
-11 3
+11 3
-11 9
+11 3
cfi=(26)
cfn=(76)
calls=3 51 
* 24
+4 9
-4 3
+4 3
cfi=(33)
cfn=(110)
calls=3 36 
* 30
* 6
+11 21
+1 9
-1 27
+1 36
461 3
1633 24
960 6
+25 6
+10 6
+22 3
-89 3
+89 9
+35 21
cfi=(15)
cfn=(32)
calls=3 62 
* 1477
+1 3
-1 3
+1 3
+11 6
+5 3
-5 3
+1 6
+1 3
+2 3
-2 3
+2 12
+1 9
+1 3
+24 57
+8 3
-8 6
+8 3
-8 9
+8 3
+99 3
1095 3
1201 3
1096 3
-11 3
1201 6
+8 12
1103 45
-1 184
+1 133
+6 6
+1 9
+1 3
+9 30
+6 12
+1 6
-1 24
+7 24
+11 6
+2 6
-1 6
+4 6
-5 6
+1 6
-1 12
+2 6
-1 6
+2 6
+3 6
+4 6
-9 6
+2 6
+1 6
+1 6
+1 6
+4 6
+1 9
+5 6
-16 3
+16 15
+10 3
-10 6
-16 3
+16 15
+10 3
+3 3
+5 1
-1 1
+3 1
-1 1
-1 1
+1 1
+3 3
+1 2
+3 2
+4 4
+6 1
cfi=(27)
cfn=(140)
calls=1 52 
* 6
* 2
+1 1
+60 6
+1 9
+1 3
-6 6
+1 3
1114 2
+1 7
1262 9
+13 24
+2 6
+14 3
+5 18
cfi=(34)
cfn=(112)
calls=3 32 
* 105
+4 3
-4 3
+4 3
+7 3
+1 3
-1 3
+1 3
+2 3
-3 3
+1 3
+2 3
+10 3
+2 3
+33 18
+1 9
+2 12
+8 24
+6 3
+2 3
-2 3
+1 3
+2 3
-1 3
+1 3
-1 9
+8 6
+3 6
+11 21
cfi=(36)
cfn=(116)
calls=3 30 
* 1998
+1 15
+5 6
+15 6
-74 30
+2 12
+2 24
cfi=(34)
cfn=(112)
calls=3 32 
* 93
* 6
1065 3
1421 12
+9 6
fi=(3)
38 3
fe=(23)
1430 3
fi=(3)
38 3
+6 3
-2 3
+2 6
+7 3
+5 3
+3 3
-1 3
-3 3
-3 66
+10 15
-18 45
+8 58
+10 58
-18 174
+18 2
-18 6
+2 150
+5 68
+2 8
+16 6
+20 12
+1 12
+1 12
+1 12
+2 12
+5 12
+1 11
+1 11
+35 9
+5 2
+2 2
-2 2
+2 2
+2 4
+2 4
+1 1
+2 9
+10 2
-8 4
+9 4
-1 2
+5 4
+1 2
+2 6
fe=(23)
1436 6
+16 9
+19 6
+2 15
+51 9
+1 2
+3 2
cfi=(32)
cfn=(120)
calls=1 81 
* 5
* 4
cfi=(32)
cfn=(120)
calls=2 81 
* 10
* 6
+8 15
+3 9
+2 3
-2 3
+2 3
+16 6
cfi=(6)
cfn=(10)
calls=3 865 
* 60
+4 6
+1 6
+17 6
+1 1
+3 1
+6 1
-6 1
+1 2
+5 1
-6 2
+6 2
-6 2
+1 4
+5 2
+10 6
+10 9
cfi=(15)
cfn=(48)
calls=3 33 
* 132
+4 9
fi=(3)
56 8
fe=(23)
1317 3
-1 15
cfi=(35)
cfn=(114)
calls=3 81 
* 15
* 3
fi=(3)
59 8
+1 2
+1 8
fe=(23)
1359 10
+2 2
-1 6
+1 4
-1 2
+1 4
-1 4
+3 8
+43 8
cfi=(34)
cfn=(112)
calls=1 32 
* 31
+3 2
1536 6
937 2

fn=(100)
1681 130
+36 13
-36 26
+36 26
+21 52
cfi=(32)
cfn=(102)
calls=13 81 
* 105
+1 13
-1 13
+1 13
+10 3
+1 6
+5 18
cfi=(32)
cfn=(104)
calls=3 81 
* 15
+2 6
+2 3
+2 3
-2 3
+2 3
-2 3
+8 6
+16 15
cfi=(14)
cfn=(30)
calls=3 319 
* 258
* 6
+2 3
-2 6
+4 12
cfi=(14)
cfn=(30)
calls=3 319 
* 240
-4 6
+60 6
+5 6
+3 12
+5 6
+7 3
+1 3
-1 12
+1 9
+1 3
+15 127
+1 42
+4 8
+1 4
+13 2
+1 2
+2 2
-3 2
+1 2
-1 2
+1 2
-2 2
+4 4
+5 2
+1 2
-13 8
cfi=(14)
cfn=(30)
calls=2 319 
* 146
* 8
cfi=(14)
cfn=(30)
calls=2 319 
* 160
* 8
+16 4
+6 2
-3 2
+1 2
+1 2
+1 4
+1 8
-4 2
+1 2
+1 2
-1 6
-1 2
+4 4
+5 10
+8 96
1814 1
1931 8
1783 8
cfi=(14)
cfn=(30)
calls=2 319 
* 176
* 4

fn=(98) expand_dynamic_string_token
419 9
+10 2
-10 1
+10 1
cfi=(25)
cfn=(70)
calls=1 40 
* 169
* 2
161 2
cfi=(10)
cfn=(20)
calls=1 28 
* 97
* 1
+1 2
cfi=(17)
cfn=(40)
calls=1 -69 
* 34
* 1
+2 2
444 1
167 2
444 6
167 2
cfi=(18)
cfn=(46)
calls=1 61 
* 56

fn=(94)
2094 6
+12 12
-12 6
+12 6
-12 54
+12 6
-12 12
+12 12
+12 30
-12 45
+5 54
+1 36
+2 54
cfi=(31)
cfn=(96)
calls=18 304 
* 1245
* 39
2399 48
2141 6
+11 12
-56 6
+92 6
-2 3
+2 3
cfi=(25)
cfn=(70)
calls=3 40 
* 175
* 6
2330 6
cfn=(98)
calls=1 419 
* 390
+1 1
-3 1
+4 1
-1 2
+4 6
cfn=(100)
calls=1 1681 
* 328
+3 1
-3 1
+3 1
+12 9
+2 6
+44 3
+1 21
-1 3
+1 15
cfn=(106)
calls=3 916 
* 6576
* 3
2192 4
cfi=(10)
cfn=(20)
calls=2 28 
* 121
* 2
+2 2
-2 2
+2 2
+7 8
+35 4
+1 30
cfn=(128)
calls=2 1945 
* 1872
* 6
+6 12
687 2
2244 2
687 4
2322 4
-97 10
+21 4
+6 8
+2 6
+4 4
cfi=(39)
cfn=(132)
calls=2 185 
* 3222
+2 2
-2 2
+2 2
+5 6
+8 4
+28 20
cfn=(100)
calls=2 1681 
* 1218
+3 2
-3 2
+3 4
+1 4
-79 14
687 2
2227 2
687 4
2205 2
+8 10
-7 4
-1 2
+8 16
-3 6
687 2
2211 2
687 4
2119 45
+3 6
+2 6
-1 12
+1 6
cfi=(19)
cfn=(54)
calls=6 134 
* 105
* 12

ob=(6)
fl=(89) /h/nsahel01/Documents/comp40/hw/7/profile/seg_zero.c
fn=(354) get_instructions
25 7
+2 2
+1 3
cob=(1)
cfi=(70)
cfn=(281)
calls=1 +43 
* 1866
* 5
+1 1
-1 1
+1 5
cfi=(94) /usr/sup/src/cii40/src/except.c
cfn=(390) Except_raise
calls=1 -20 
* 8095

fl=(79) /usr/sup/src/cii40/src/mem.c
fn=(316) Mem_calloc
22 22
+4 10
cob=(3)
cfi=(80)
cfn=(322) calloc
calls=1 3183 
* 224
cob=(1)
cfi=(70)
cfn=(281)
calls=1 +45 
* 59482
* 6
* 2
+1 4
+7 2
+1 4

fn=(346) Mem_alloc
8 16
+3 6
cob=(3)
cfi=(80)
cfn=(330)
calls=1 2888 
* 176
cob=(1)
cfi=(70)
cfn=(281)
calls=1 +60 
* 1436
* 6
* 2
+1 4
+7 2
+1 4

fl=(77) /h/nsahel01/Documents/comp40/hw/7/profile/machine.c
fn=(312) main
12 5
+4 1
-4 2
+2 1
+2 1
cfi=(78) /usr/sup/src/cii40/src/seq.c
cfn=(314) Seq_new
calls=1 +10 
* 61031
+1 1
-1 1
+1 1
+2 2
cfi=(78)
cfn=(314)
calls=1 +7 
* 505
+1 1
-1 1
+1 1
+4 5
cfi=(89)
cfn=(354)
calls=1 +1 
* 9985

fl=(69)
fn=(292) __libc_csu_init
0 16
cob=(2)
cfi=(16)
cfn=(294)
calls=1 0 
0 6
0 7
cfn=(298) 0x0000000000400c90
calls=1 0 
0 17
0 11

fn=(298)
0 17

fn=(272)
0 11
cob=(1)
cfi=(70)
cfn=(280)
calls=1 71 
0 73282
0 5

fl=(78)
fn=(314)
26 14
+3 10
cfi=(79)
cfn=(316)
calls=2 -7 
* 59756
* 2
+1 4
+3 6
-1 8
cfi=(79)
cfn=(346)
calls=2 -24 
* 1652
* 16
cfi=(88) /usr/sup/src/cii40/src/uarray.c
cfn=(352) UArrayRep_init
calls=2 -14 
* 58
+2 2
+1 8

fl=(94)
fn=(390)
9 7
+8 3
-8 2
+11 2
+1 9
cob=(1)
cfi=(70)
cfn=(281)
calls=1 +50 
* 1645
* 5
+1 4
+1 9
cob=(1)
cfi=(70)
cfn=(281)
calls=1 +48 
* 2079
* 5
* 1
+3 4
+1 9
cob=(3)
cfi=(97) /usr/src/debug/glibc-2.17-c758a686/stdio-common/fprintf.c
cfn=(418) fprintf
calls=1 * 
* 1313
* 1
+1 9
cob=(3)
cfi=(95) /usr/src/debug/glibc-2.17-c758a686/libio/iofwrite.c
cfn=(396) fwrite
calls=1 +7 
* 250
* 1
+1 4
cob=(1)
cfi=(70)
cfn=(281)
calls=1 +42 
* 1324
* 5
+1 1
cob=(1)
cfi=(70)
cfn=(281)
calls=1 +41 
* 1398
* 5

fl=(88)
fn=(352)
18 22
+2 4
-2 4
+4 6
+1 6
+1 4
+1 8
+3 4

ob=(3)
fl=(76) /usr/src/debug/glibc-2.17-c758a686/setjmp/sigjmp.c
fn=(310) __sigjmp_save
29 2
-1 2
+1 2
+5 3

fl=(97)
fn=(418)
27 14
+4 2
+1 2
-1 10
+1 2
cfi=(98) /usr/src/debug/glibc-2.17-c758a686/stdio-common/vfprintf.c
cfn=(420) vfprintf
calls=2 222 
* 2058
+4 4

fl=(80)
fn=(330)
2888 16
+5 8
+1 8
+3 28
+2 12
cfn=(332) _int_malloc
calls=4 3351 
* 1587
+3 4
-3 4
+3 4
+6 8
+1 16
+5 20
-17 24
+5 8

fn=(386)
2924 10
+1 10
+5 10
+5 1
-2 1
+2 2
+16 3
+1 3
cfn=(388) _int_free
calls=1 3821 
* 97
2839 4

fn=(336) sysmalloc
2280 9
+21 1
+11 1
-11 2
+11 1
+1 3
+79 1
+20 1
-19 2
+19 2
2718 2
+6 1
+3 1
-3 1
+3 2
+1 1
+3 3
-2 1
+2 2
+1 1
-1 1
-1 1
+1 1
+1 1
+2 1
+6 8
-21 2
2463 2
+19 2
-19 5
+19 2
+8 1
-8 1
+8 1
+1 6
cfi=(84) /usr/src/debug/glibc-2.17-c758a686/malloc/morecore.c
cfn=(338) __default_morecore
calls=1 47 
* 62
+1 1
-1 1
+1 1
+3 4
+2 2
+1 2
+18 2
+25 2
+2 2
2394 1
2549 1
-6 1
+6 1
+3 6
+42 3
+19 1
+3 2
+1 4
+3 1
-3 1
+3 2
cfi=(84)
cfn=(338)
calls=1 47 
* 45
+12 3
+5 2
+1 4
+35 1
+1 1
-2 1
+1 2
+12 1
-12 1
+1 2
+11 1
2542 5
+10 2

fn=(388)
3821 10
+13 3
+6 4
+1 2
+13 4
+13 2
+75 2
3832 1
3943 2
+18 1
-4 1
+4 2
+6 2
+8 3
+6 2
+1 2
+1 2
1909 3
3992 2
+7 2
+65 2
+1 2
+3 3
+16 2
+2 4
+10 8
3952 6
+2 2
4070 5
-25 1
+1 3
+1 2
-78 3
-2 2

fn=(322)
3183 2
+13 6
-13 2
+10 4
+3 2
-13 6
+13 2
+8 4
+1 4
+10 12
+7 1
+8 1
-7 2
+7 2
+15 3
cfn=(332)
calls=1 3351 
* 148
+6 1
-6 1
+6 1
+7 4
+3 2
+6 3
+46 6
-36 1
-3 1
+3 2
-13 1
+13 2
+10 1
+1 2
+3 2
+7 1
-3 1
+1 1
+1 2
+1 1
-21 3
-70 3
cfi=(81) /usr/src/debug/glibc-2.17-c758a686/malloc/hooks.c
cfn=(324) malloc_hook_ini
calls=1 30 
* 58074
+1 2
3313 3
3210 3
3313 2
3210 1
cfi=(87) /usr/src/debug////////glibc-2.17-c758a686/string/../sysdeps/x86_64/memset.S
cfn=(344) __GI_memset
calls=1 57 
* 14

fn=(334) malloc_consolidate
4113 8
+22 2
+73 1
-73 3
1829 1
+2 3
-2 128
+2 378
-2 252
+6 3
+5 1
+2 1
-2 1
4208 8
1839 3

fn=(332)
3351 5
-30 5
+30 5
-30 5
+30 5
-30 5
+30 15
-30 30
+30 10
+4 10
+14 10
+1 3
+1 1
+1 1
-1 2
+5 2
+30 10
+1 8
+1 8
+2 12
+1 2
3813 40
3446 9
+1 2
3798 5
5023 10
3798 15
+2 125
5021 5
+2 5
-2 15
3467 25
1902 10
3597 10
+70 5
+1 5
+1 5
-1 5
+1 5
+1 10
+1 10
+5 20
+2 15
+2 16
-2 12
+2 16
-2 8
+2 6
+95 5
+3 5
-2 10
+2 10
+16 2
3598 2
+3 3
3412 4
cfn=(334)
calls=1 4113 
* 793
* 3
3807 4
cfn=(336)
calls=1 2280 
* 247
+1 1
-1 1
+1 1
1902 4
3782 4
-3 4
+1 8
+2 4
-1 4
+1 8
+2 4
-2 12
+5 4
-5 4
+2 4
1902 12

fl=(49)
fn=(184)
30 1
+1 1
+3 2
-3 4
+3 1
cfi=(46) /usr/src/debug/glibc-2.17-c758a686/elf/../sysdeps/unix/sysv/linux/dl-vdso.c
cfn=(176) _dl_vdso_vsym
calls=1 -7 
* 7
+1 3
+1 3

fl=(72) /usr/src/debug/glibc-2.17-c758a686/csu/../csu/libc-start.c
fn=(286) (below main)
134 7
+10 1
-10 3
+10 7
+62 1
-62 1
+62 1
+1 4
cfi=(73) /usr/src/debug/glibc-2.17-c758a686/stdlib/cxa_atexit.c
cfn=(288) __cxa_atexit
calls=1 56 
* 61
+22 6
+3 2
+1 5
cob=(6)
cfi=(69)
cfn=(292)
calls=1 0 
* 57
+4 4
+15 2
+9 2
cfi=(74) /usr/src/debug////////glibc-2.17-c758a686/setjmp/../sysdeps/x86_64/bsd-_setjmp.S
cfn=(306) _setjmp
calls=1 33 
* 30
+1 2
+5 2
+1 2
+3 2
+3 6
cob=(6)
cfi=(77)
cfn=(312)
calls=1 12 
* 71544

fl=(85) /usr/src/debug/glibc-2.17-c758a686/misc/sbrk.c
fn=(340) sbrk
34 2
+8 2
-8 6
+8 9
+4 4
+4 4
+3 1
cfi=(86) /usr/src/debug/glibc-2.17-c758a686/misc/../sysdeps/unix/sysv/linux/x86_64/brk.c
cfn=(342) brk
calls=1 -22 
* 13
* 2
+4 10
-14 4
cfi=(86)
cfn=(342)
calls=2 -12 
* 26
* 8

fl=(67)
fn=(248)
478 2
+12 1
-12 1
+12 1
-12 1
+12 1
-12 1
+12 1
648 2
+2 1
+1 1
+2 1
-3 1
+5 1
-5 1
+4 3
+4 2
+2 1
+1 1
+2 1
+4 1
-7 1
+5 1
-5 1
+4 1
+3 2
-3 1
+3 1
-3 1
+3 2
492 2
cfn=(250) handle_intel.isra.0
calls=1 262 
* 843
+4 1
-4 1
+4 1
cfn=(250)
calls=1 262 
* 884
+2 1
-2 1
-1 1
+3 1
+9 3
+2 1
+1 1
+2 1
+5 2
+9 16
-9 12
+6 3
-6 3
+6 3
-6 3
+6 1
-6 1
+6 1
+69 4
+1 6
-65 1
+32 1
-26 5
+7 2
+4 4
+2 4
-6 4
+4 1
-2 1
+2 1
-4 3
+4 1
-2 1
+2 1
+15 1
+1 4
-9 1
+2 2
+1 1
-1 2
+1 1
+1 1

fn=(250)
262 4
+12 2
-12 12
+9 2
+1 4
-3 6
+23 10
cfn=(252) intel_check_word
calls=2 132 
* 1444
+1 4
+3 10
cfn=(252)
calls=2 132 
* 189
+1 4
-17 4
+5 2
-5 4
+5 2
+2 2
+1 2
-1 4
+27 16

fn=(252)
132 32
+1 12
+6 32
+2 4
-2 4
+2 4
+88 8
-76 20
+53 16
+23 40
-1 8
+1 8
cfi=(68) /usr/src/debug/glibc-2.17-c758a686/stdlib/bsearch.c
cfn=(254) bsearch
calls=8 26 
* 1226
+2 16
+22 8
141 16
+2 10
+2 20
-10 2
258 32
-93 10
+5 10
-5 14
+9 2
+2 4
+8 2
+4 2
-2 4
+13 3
-34 15
+5 6
+4 8
+7 9
+9 2
-2 2
+3 2
-1 2
-2 2
+1 2
+1 2
-1 6
+1 2
-2 4

fn=(256) intel_02_known_compare
121 162
+3 162

fl=(95)
fn=(396)
35 14
+1 4
-1 4
+4 4
+2 36
+1 8
fi=(96) /usr/src/debug/glibc-2.17-c758a686/libio/libioP.h
885 4
+1 6
fe=(95)
49 4
-7 1
+1 1
fi=(96)
957 3
+2 2
+1 2
fe=(95)
43 1
fi=(96)
957 3
+2 2
+1 2
fe=(95)
43 8
cfi=(92) /usr/src/debug/glibc-2.17-c758a686/libio/fileops.c
cfn=(398) _IO_file_xsputn@@GLIBC_2.2.5
calls=2 1329 
* 403
* 8
+10 2
-3 2
+3 14
fi=(96)
886 12
fe=(95)

fl=(102) /usr/src/debug/glibc-2.17-c758a686/libio/iofflush.c
fn=(438) fflush
33 4
+1 2
+6 16
+1 1
fi=(96)
957 3
+2 2
+1 2
fe=(102)
41 2
cfi=(92)
cfn=(440) _IO_file_sync@@GLIBC_2.2.5
calls=1 893 
* 17
* 4
fi=(96)
885 2
+1 9
fe=(102)
45 5

fl=(64) /usr/src/debug/glibc-2.17-c758a686/misc/init-misc.c
fn=(242) __init_misc
30 4
+1 5
+2 3
cfi=(65) /usr/src/debug////////glibc-2.17-c758a686/string/../sysdeps/x86_64/strrchr.S
cfn=(244) __GI_strrchr
calls=1 -8 
* 34
+4 5
+1 3
+2 4

fl=(99) /usr/src/debug////////glibc-2.17-c758a686/string/../sysdeps/x86_64/strchrnul.S
fn=(424) strchrnul
26 5
+1 5
+1 5
+1 5
+1 5
+1 5
+1 5
+1 5
+1 5
+1 5
+1 5
+1 5
+1 5
+1 5
+1 5
+1 5
+1 5
+1 5
+1 5
+1 5
+2 1
+1 1
+1 1
+1 1
+1 1
+1 1
+1 1
+1 1
+1 1
+2 5
+1 5
+1 5

fl=(45)
fn=(174)
36 1
+1 1
+3 2
-3 4
+3 1
cfi=(46)
cfn=(176)
calls=1 -13 
* 7
* 3
+1 3

fl=(74)
fn=(306)
33 1
+2 1
cfi=(75) /usr/src/debug////////glibc-2.17-c758a686/setjmp/../sysdeps/x86_64/setjmp.S
cfn=(308) __sigsetjmp
calls=1 -9 
* 28

fl=(68)
fn=(254)
26 8
+5 8
-5 72
+7 8
-7 16
+7 8
+7 8
+1 8
-8 16
+2 54
+2 54
-2 54
+1 162
+1 108
cfi=(67)
cfn=(256)
calls=54 +84 
* 324
+1 108
+1 46
-6 92
+14 8
-1 8
+1 56

fl=(92)
fn=(400) _IO_file_overflow@@GLIBC_2.2.5
831 16
+1 12
+7 24
+35 8
-32 2
+12 2
+9 4
+8 1
-4 1
+3 2
-2 2
-3 1
+1 2
+5 1
-1 1
+1 3
+1 2
+3 4
+1 4
+11 12
-12 4
cfn=(404) _IO_do_write@@GLIBC_2.2.5
calls=4 516 
* 60
-31 2
cfi=(91) /usr/src/debug/glibc-2.17-c758a686/libio/genops.c
cfn=(402) _IO_doallocbuf
calls=1 415 
* 23
+1 6

fn=(370) _IO_new_file_init_internal
144 1
+4 1
-4 3
+5 1
-1 1
+3 1
cfi=(91)
cfn=(372) _IO_link_in
calls=1 -51 
* 82
+1 1
+1 4

fn=(398)
1329 4
+7 4
-7 28
+6 8
+7 24
+17 16
+17 12
+4 4
fi=(96)
957 12
+2 8
+1 8
fe=(92)
1380 12
cfn=(400)
calls=4 831 
* 199
* 8
+6 8
+1 12
+2 12
+11 8
+3 8
+1 32
-45 12
530 8
+7 16
+8 4
fi=(96)
959 8
+1 8
fe=(92)
545 20
cfn=(406) _IO_file_write@@GLIBC_2.2.5
calls=4 1302 
* 172
* 4
+1 16
+6 4
-4 4
+4 4
-4 12
+1 8
+3 4
1392 4
+1 4
550 4
1393 4
551 8

fn=(404)
516 4
+2 8
-2 20
+2 4
+1 24

fn=(374) _IO_file_fopen@@GLIBC_2.2.5
268 1
+12 1
-12 8
+11 3
+2 4
438 8
289 2
-20 1
+37 12
+41 1
233 1
+1 2
-1 1
+4 1
cfi=(93) /usr/src/debug////////glibc-2.17-c758a686/io/../sysdeps/unix/syscall-template.S
cfn=(376) open
calls=1 81 
* 11
* 1
+4 2
+44 1
-1 1
-15 2
+99 2

fn=(440)
893 4
+5 4
+2 1
+1 2
+17 1
+4 1
-4 1
+4 3

fn=(406)
1302 28
+2 20
+11 4
+1 4
-12 8
+5 4
-1 12
+1 8
cfi=(93)
cfn=(408) write
calls=4 81 
* 28
+1 8
+9 12
+3 36

fl=(44)
fn=(180)
120 1
+2 1
+1 1
+1 1
+9 1

fn=(172)
100 1
+2 1
+1 1
+1 1
+9 1

fl=(48)
fn=(182)
27 1
+1 1
+1 1
+1 1
+1 1
+2 1
+1 1
+5 1

fl=(84)
fn=(338)
47 2
+1 2
cfi=(85)
cfn=(340)
calls=2 -14 
* 91
+2 6
+2 6

fl=(105) /usr/src/debug/glibc-2.17-c758a686/signal/../nptl/sysdeps/unix/sysv/linux/raise.c
fn=(456) raise
32 1
+1 1
+1 2
+5 2

fl=(86)
fn=(342)
31 3
-3 3
+3 21
+8 3
-6 6
+7 3

fl=(66) /usr/src/debug/glibc-2.17-c758a686/ctype/ctype-info.c
fn=(246) __ctype_init
32 5
+2 1
-2 2
+2 3
+2 5

fl=(91)
fn=(368) _IO_old_init
633 1
-16 1
+1 1
+15 1
+5 1
-21 1
+2 1
+1 1
+1 1
+17 1
-16 1
+1 1
+1 1
+1 1
+1 1
+1 1
+2 1
+1 1
+1 1
+1 1
+6 1
+1 4

fn=(366) _IO_no_init
650 9
+1 1
cfn=(368)
calls=1 -18 
* 25
+3 1
-2 1
+2 1
+2 1
+1 1
+1 1
+1 1
+1 1
+1 1
+1 1
+1 1
+1 1
+1 1
+1 1
+1 1
+2 1
+3 1
+1 6

fn=(382) _IO_un_link
61 4
+1 2
+4 6
+1 10
+2 1
-2 1
+1 1
+1 19
+2 3
+2 2
+13 1
+2 1
-2 1
+2 4
+2 1
-1 1
+1 6
+1 2
+3 4
-6 6
-13 1
+1 1
-1 2

fn=(402)
415 3
+1 1
-1 1
+1 1
+2 3
-10 1
-5 1
+1 1
+4 1
+14 4
-4 3
+3 3

fn=(426) _IO_default_xsputn
448 8
+4 8
-4 56
+3 8
-3 8
+3 8
fi=(96)
957 42
fe=(91)
471 84
+5 25
+3 7
+2 14
-25 28
+2 21
+3 14
+24 14
+1 64
-11 12
+1 18
-1 12
+1 60
-1 46

fn=(452) _IO_flush_all_lockp
825 8
+6 3
+6 1
-11 1
+10 1
+2 2
fi=(96)
957 2
fe=(91)
842 1
fi=(96)
957 2
fe=(91)
841 3
-1 3
+1 3
+3 9
+10 6
+4 3
-2 3
+2 6
+7 3
-27 6
+31 2
+2 3
+4 9
-31 12

fn=(372)
100 4
+1 3
+4 1
-2 2
+2 5
+1 10
+2 1
-2 1
+1 1
+1 1
-2 1
+2 1
-2 1
+2 14
+2 1
-2 1
+4 1
+2 1
-3 1
-1 1
+4 7
+2 1
-1 1
+1 8
+1 2
+3 4
-6 7

fl=(87)
fn=(344)
57 1
+1 1
+1 1
+1 1
+1 1
+2 1
+1 1
+1 1
+1 1
+1 1
+1 1
+1 1
+1 1
+2 1

fl=(83) /usr/src/debug/glibc-2.17-c758a686/elf/dl-addr.c
fn=(328) _dl_addr
126 9
+5 1
-5 2
+5 2
cob=(1)
cfi=(2)
cfn=(50)
calls=1 917 
* 2
+3 6
+1 4
+1 20
+1 2
30 1
+1 1
-1 1
+4 2
+5 1
+6 1
-7 1
+2 2
+2 1
-2 1
+2 1
+3 1
+5 7
+2 1
+1 2
-1 1010
+1 2020
+2 4961
+6 11170
+2 8936
+1 16325
+7 2234
-2 2234
+2 5479
-21 2022
+49 3
+1 1
+1 3
+3 2
+41 3
cob=(1)
cfi=(2)
cfn=(52)
calls=1 923 
* 2
+3 9
-13 9
-19 1
+1 1
+23 2

fl=(73)
fn=(288)
56 6
-22 2
cfn=(290) __new_exitfn
calls=1 +38 
* 39
+2 2
+4 1
+3 1
+1 1
-4 2
+2 1
+4 1
+1 1
+11 4

fn=(290)
72 1
+6 2
-6 3
+6 4
+2 4
-7 2
+9 3
-2 1
+10 1
-10 2
+45 1
+1 1
+3 4
+3 5
-35 2
+14 1
+1 2

fl=(82) /usr/src/debug/glibc-2.17-c758a686/malloc/arena.c
fn=(326) ptmalloc_init.part.7
383 6
+11 1
-8 1
+8 1
+7 3
+2 5
+16 2
-71 92
+16 46
-18 141
464 2
+5 2
+1 2
+2 1
+1 7
-78 5
cfi=(83)
cfn=(328)
calls=1 126 
* 56499
* 2
+1 4
-47 12
+1 6

fl=(62)
fn=(238)
52 8
+6 6
+17 1
fi=(63) /usr/src/debug/glibc-2.17-c758a686/csu/../sysdeps/unix/sysv/linux/x86_64/init-first.c
-35 2
fe=(62)
+33 1
+1 1
fi=(63)
-34 1
-2 2
fe=(62)
+37 1
fi=(63)
-37 3
+2 1
cfi=(46)
cfn=(176)
calls=1 -13 
* 7
+1 2
+5 2
-3 2
+1 1
+2 1
cfi=(46)
cfn=(176)
calls=1 -19 
* 7
fe=(62)
+43 1
fi=(63)
-39 1
fe=(62)
+39 2
fi=(63)
-39 2
+1 2
+1 1
fe=(62)
+37 1
cfi=(64)
cfn=(242)
calls=1 -59 
* 58
+8 1
cfi=(66)
cfn=(246)
calls=1 -65 
* 16
+5 6
-35 1
-9 1
+9 4
fi=(63)
-25 2
fe=(62)

fl=(90) /usr/src/debug/glibc-2.17-c758a686/libio/iofopen.c
fn=(362) __fopen_internal
65 6
+8 1
-8 2
+8 1
cob=(2)
cfi=(16)
cfn=(364)
calls=1 -73 
* 177
+2 1
-2 1
+2 1
+3 1
+3 5
-3 1
+3 1
cfi=(91)
cfn=(366)
calls=1 650 
* 58
+4 1
+1 1
-1 1
+1 1
cfi=(92)
cfn=(370)
calls=1 +58 
* 95
+4 5
cfi=(92)
cfn=(374)
calls=1 268 
* 66
* 1
+1 1
-1 1
+3 1
cfi=(91)
cfn=(382)
calls=1 -32 
* 80
+1 2
cob=(2)
cfi=(16)
cfn=(384)
calls=1 -94 
* 114
+2 7

fn=(360) fopen@@GLIBC_2.2.5
103 2
cfn=(362)
calls=1 -38 
* 633

fl=(103) /usr/src/debug/glibc-2.17-c758a686/stdlib/abort.c
fn=(448) abort
52 2
+5 1
-5 1
+5 9
+5 1
-5 1
+5 2
+3 20
+2 1
-2 1
+2 1
-3 1
fi=(107) /usr/src/debug/glibc-2.17-c758a686/stdlib/../sysdeps/unix/sysv/linux/bits/sigset.h
+54 1
fe=(103)
-51 1
cfi=(104) /usr/src/debug/glibc-2.17-c758a686/signal/../sysdeps/unix/sysv/linux/x86_64/sigprocmask.c
cfn=(450) sigprocmask
calls=1 -27 
* 7
* 1
+5 2
+3 1
-1 1
+1 1
cfi=(91)
cfn=(452)
calls=1 825 
* 92
* 1
+4 2
+9 1
-1 1
+1 6
+2 2
cfi=(105)
cfn=(456)
calls=1 -58 
* 6

fl=(104)
fn=(450)
40 6
+2 1

fl=(93)
fn=(376)
81 2
cfn=(378) __open_nocancel
calls=1 * 
* 9

fn=(408)
81 8
cfn=(410) __write_nocancel
calls=4 * 
* 20

fn=(378)
81 4
+2 5

fn=(410)
81 20

fl=(47)
fn=(178)
30 1
+1 1
+1 1
+1 1
+2 1

fl=(50)
fn=(186)
0 15

fl=(101) /usr/src/debug/glibc-2.17-c758a686/stdio-common/_itoa.c
fn=(432) _itoa_word
168 4
+2 2
+9 26
+9 2

fl=(65)
fn=(244)
25 1
+1 1
+1 1
+1 1
+1 1
+1 1
+1 1
+1 1
+1 1
+1 1
+1 1
+1 1
+1 1
+1 1
+1 1
+1 1
+1 1
+1 1
+1 1
+1 1
+1 1
+1 1
+1 1
+13 1
+1 1
+1 1
+1 1
+7 1
+1 1
+1 1
+1 1
+1 1
+1 1
+1 1

fl=(81)
fn=(324)
30 2
fi=(82)
385 3
fe=(81)
29 3
cfi=(82)
cfn=(326)
calls=1 383 
* 56840
* 1
+4 1
-1 1
cfi=(80)
cfn=(330)
calls=1 2888 
* 1223

fl=(98)
fn=(420)
222 22
+35 6
1271 6
+4 10
+11 4
-15 4
+18 8
cfn=(422) buffered_vfprintf
calls=2 2286 
* 1982
2065 16

fn=(421) vfprintf'2
222 22
+35 6
1271 6
+4 10
+11 4
+11 2
fi=(108) /usr/src/debug/glibc-2.17-c758a686/stdio-common/printf-parse.h
109 4
fe=(98)
1297 10
fi=(108)
109 2
cfi=(99)
cfn=(424)
calls=2 -83 
* 55
fe=(98)
1312 2
fi=(108)
109 2
fe=(98)
1308 2
+4 4
+4 2
fi=(100) /usr/src/debug/glibc-2.17-c758a686/stdio-common/../libio/libioP.h
957 2
+2 2
-2 6
+2 4
+1 4
fe=(98)
1316 12
cfi=(91)
cfn=(426)
calls=2 448 
* 176
* 6
2058 4
cob=(2)
cfi=(16)
cfn=(384)
calls=2 0 
* 16
+1 4
cob=(2)
cfi=(16)
cfn=(384)
calls=2 0 
* 16
+2 4
+1 6
+2 2
+1 16
1271 4
+45 4
+4 2
-4 2
+4 4
+4 14
270 2
-6 2
-3 2
1301 2
-8 2
227 2
1372 24
-3 3
-1 3
-17 3
+1 3
+1 3
+1 3
+1 3
+1 3
+1 3
+1 3
+1 3
+1 3
+1 3
+3 3
+1 3
1554 6
-21 9
1372 27
2056 4
1654 6
+8 3
fi=(108)
109 9
fe=(98)
1662 3
fi=(108)
109 3
fe=(98)
1662 3
fi=(108)
109 3
cfi=(99)
cfn=(424)
calls=3 -83 
* 69
fe=(98)
1666 3
fi=(100)
959 3
fe=(98)
1662 3
fi=(100)
960 3
-1 6
+1 9
fe=(98)
1666 21
cfi=(91)
cfn=(426)
calls=3 448 
* 146
* 15
-10 3
+10 24
+2 3
-2 3
+2 3
-16 3
-18 42
fi=(100)
959 3
+1 2
fe=(98)
1634 6
cfi=(91)
cfn=(426)
calls=1 448 
* 68
* 21
cfi=(101)
cfn=(432)
calls=1 168 
* 34
* 44
+1 48
fi=(100)
959 6
+1 4
+3 2
fe=(98)
1635 8
cfi=(91)
cfn=(426)
calls=2 448 
* 167
* 68

fn=(422)
2286 20
+8 2
-8 2
+8 4
+10 2
+15 2
-21 2
+7 2
+2 2
-3 6
+8 2
-8 2
+10 4
+1 4
+4 2
cfn=(421)
calls=2 222 
* 1440
+6 2
-6 2
+6 10
+1 6
+12 10
+2 2
fi=(100)
957 6
+2 4
+1 4
fe=(98)
2340 6
cfi=(92)
cfn=(398)
calls=2 1329 
* 352
+1 6
+5 4
+3 2
+1 14
-56 6
+52 16
+1 4
-21 28

fl=(75)
fn=(308)
26 1
+9 1
+1 2
+1 1
+4 1
+1 1
+1 1
+1 1
+1 1
+2 2
+2 1
+1 1
+1 1
+2 2
+2 1
+9 1
cfi=(76)
cfn=(310)
calls=1 -35 
* 9

fl=(46)
fn=(176)
27 4
-1 4
+1 4
+4 8
-3 8

ob=(4)
fl=(59)
fn=(206)
25 1
+1 1
+1 1
+1 1
+2 1

fl=(52)
fn=(192)
20 8

fl=(58)
fn=(204)
25 1
+1 1
+1 1
+1 1
+2 1

fl=(51)
fn=(190)
15 8

fl=(56)
fn=(200)
25 1
+1 1
+1 1
+1 1
+2 1

fl=(55)
fn=(210)
0 8

fn=(198)
0 8

fn=(212)
0 8

fn=(262)
0 16

fl=(53)
fn=(194)
25 1
+1 1
+1 1
+1 1
+2 1

fl=(57)
fn=(202)
10 5

fn=(208)
16 5

fl=(54)
fn=(196)
8 5

totals: 237321
