version: 1
creator: callgrind-3.11.0
pid: 23523
cmd:  ./um ../implementation/sandmark.umz
part: 1


desc: I1 cache: 
desc: D1 cache: 
desc: LL cache: 

desc: Timerange: Basic block 0 - 33829799802
desc: Trigger: Program termination

positions: line
events: Ir
summary: 163606264629


ob=(3) /usr/lib64/libc-2.17.so
fl=(91) /usr/src/debug/glibc-2.17-c758a686/string/../string/strstr.c
fn=(380) __GI_strstr
53 8
+10 3
+2 2
+1 1
+23 8
-26 1
-5 2

fl=(78) /usr/src/debug/glibc-2.17-c758a686/malloc/malloc.c
fn=(330) malloc
2888 280237680
+5 140118840
+1 140118840

ob=(1) /usr/lib64/ld-2.17.so
fl=(26) /usr/src/debug/glibc-2.17-c758a686/elf/dl-debug.c
fn=(76) _dl_debug_initialize
51 10
+5 8
+5 2
-1 1
+1 2
+1 2
-1 2
-9 5
+4 10
+4 1
-1 1
-59 5

fn=(80) _dl_debug_state
75 2

fl=(7) /usr/src/debug/glibc-2.17-c758a686/elf/../elf/dl-sysdep.c
fn=(216) _dl_sysdep_start_cleanup
251 1

fn=(12) _dl_sysdep_start
86 7
+25 1
-1 1
+1 1
-25 1
+25 147
+6 1
-3 1
+1 1
-4 1
+3 1
+3 2

ob=(3)
fl=(78)
fn=(330)
2897 490415940
+2 210178260
cfn=(332) _int_malloc
calls=70059420 3351 
* 3996328579
+3 70059420
-3 70059420
+3 70059420
+6 140118840
+1 280237680
+5 350297100
-17 420356520
+5 140118840

fn=(336) sysmalloc
2280 198
+21 22
+11 22
-11 44
+11 22
+1 64
+79 20
+20 20
-19 40
+19 40
2718 40
+6 20
+3 20
-3 20
+3 40
+1 20
+3 60
-2 20
+2 40
+1 20
-1 20
-1 20
+1 20
+1 20
+2 20
+6 160
-6 2
+6 16
-21 40
2314 6
+14 8
+6 4
2463 40
+19 40
-19 100
+19 40
+8 20
-8 20
+8 20
2336 16
cfi=(98) /usr/src/debug/glibc-2.17-c758a686/misc/../sysdeps/unix/sysv/linux/wordsize-64/mmap.c
cfn=(422) mmap
calls=2 32 
* 66
+2 6
+34 2
-5 6
+5 8
+3 2
+1 2
-1 2
+1 2
+1 4
2491 120
cfi=(82) /usr/src/debug/glibc-2.17-c758a686/malloc/morecore.c
cfn=(338) __default_morecore
calls=20 47 
* 1297
+1 20
-1 20
+1 20
+3 80
+2 40
+1 40
+18 40
+25 40
+2 40
2394 20
2549 20
-6 20
+6 58
+1 95
+2 6
+42 3
+19 1
+3 2
+1 4
+3 1
-3 1
+3 2
cfi=(82)
cfn=(338)
calls=1 47 
* 45
+12 3
+5 2
+1 4
+35 1
+1 1
-2 1
+1 2
+12 1
-12 1
+1 2
+11 1
2373 4
2542 5
+10 2

fn=(512) _int_realloc
4217 117
+21 52
+1 39
+15 26
+1 39
+1 26
+1 26
+6 26
+8 26
+12 10
-1 20
+2 1
-1 2
+4 17
+64 2
+2 2
-2 2
+2 2
+6 4
-1 2
+1 4
+1 4
+4 2
-4 4
+4 2
-4 2
+3 2
+1 4
cfn=(490) _int_free
calls=2 3821 
* 393
+4 2
+1 117
-96 3
-1 3
-1 6
+21 30
cfn=(332)
calls=10 3351 
* 1364653
+1 10
-1 10
+1 10
+4 10
-1 10
+6 20
+11 9
+1 9
+2 18
+3 18
3834 27
+6 36
+1 18
+13 45
+13 18
+75 18
+19 9
-4 9
+4 18
+6 18
+8 27
+6 18
+1 18
+1 18
1909 27
3992 18
+7 18
+5 18
+4 9
+9 9
-1 9
+2 18
+7 9
-2 9
+1 9
+1 9
+2 8
+1 8
+2 8
+1 8
+2 24
+1 8
+30 24
-34 1
+1 1
+2 3
+1 1
+30 3
+1 4
+3 6
4320 27
cfi=(105) /usr/src/debug////////glibc-2.17-c758a686/string/../sysdeps/x86_64/memcpy.S
cfn=(514) __GI_memcpy
calls=9 61 
* 115983
* 9
-23 2
+6 2
-29 10
+2 2
-2 2
+2 2
-2 4
+1 2
+3 2
-4 2
+1 2
+1 2
+2 2
+81 2
+1 4
4070 12
3969 27
-2 18

fn=(516) systrim.isra.2
2752 8
+10 2
-1 1
+1 1
+3 4
+2 2
+6 5
cfi=(82)
cfn=(338)
calls=1 47 
* 45
* 1
+1 4
+35 8
-23 3
cfi=(82)
cfn=(338)
calls=1 47 
* 68
+2 2
+1 2
+2 2
cfi=(82)
cfn=(338)
calls=1 47 
* 45
+2 1
+2 2
+3 2
+3 2
-1 1
+1 2
+2 2

fn=(488) free
2924 210188772
+1 210188772
+5 210188772
+5 105094386
-2 105094386
+2 210188772
+16 315283152
+1 315283152
cfn=(490)
calls=105094384 3821 
* 7673392593
-14 6
+1 4
+1 2
+2 1
+1 1
-1 1
+1 1
+1 3
2819 2
+1 1
+6 1
-7 1
+7 6
-7 2
+1 1
+6 1
-7 1
+7 6
+7 2
+1 2
+5 2
cfi=(108) /usr/src/debug////////glibc-2.17-c758a686/misc/../sysdeps/unix/syscall-template.S
cfn=(546) munmap
calls=2 81 
* 10

fn=(506) realloc
2958 135
+7 30
+1 30
+4 28
+4 28
+5 14
-2 14
+2 14
+2 14
-2 14
+2 28
+3 36
+6 56
+1 28
+7 112
+2 28
2848 2
+1 2
-1 2
+12 2
-12 2
+9 10
+3 4
+3 20
cfi=(108)
cfn=(540) mremap
calls=2 81 
* 12
+3 8
+9 2
-2 2
-5 2
+5 4
+2 2
+1 2
-3 2
+4 2
-1 2
+1 2
3006 2
+43 126
-67 16
+44 72
+4 72
cfn=(512)
calls=12 4217 
* 1475093
* 12
+2 48
+4 48
2878 4
+92 28
-3 1
+82 7
-82 1
cfi=(79) /usr/src/debug/glibc-2.17-c758a686/malloc/hooks.c
cfn=(508) realloc_hook_ini
calls=1 37 
* 7469

fn=(322) calloc
3183 35034967
+13 105104901
-13 35034967
+10 70069934
+3 35034967
-13 105104901
+13 35034967
+8 70069934
+1 70069934
+10 420419592
+7 35034966
+8 35034966
-7 70069932
+7 70069932
+15 105104898
cfn=(332)
calls=35034966 3351 
* 2000326850
+6 35034966
-6 35034966
+6 35034966
+7 140139864
+3 70069932
+6 105104898
+46 184216644
-36 35034966
-3 35034966
+3 70069932
-13 35034966
+13 70069932
+10 35034966
+1 70069932
+3 70069932
+7 30702774
-3 30702774
+1 30702774
+1 61405548
+1 30702774
+3 1468604
-2 1468604
+1 1468604
+1 1468604
+3 1092067
-2 1092067
+1 1092067
+1 1092067
+1 1060110
+1 2120220
-29 79923
+15 12996576
cfi=(85) /usr/src/debug////////glibc-2.17-c758a686/string/../sysdeps/x86_64/memset.S
cfn=(344) __GI_memset
calls=4332192 57 
* 105291441
+21 30325344
3207 3
cfi=(79)
cfn=(324) malloc_hook_ini
calls=1 30 
* 58074
+1 2
3313 3
3210 3
3313 2
3210 1
cfi=(85)
cfn=(344)
calls=1 57 
* 14

fn=(334) malloc_consolidate
4113 104
+22 26
+1 36
+12 12
5023 12
4138 12
+11 12
-1 12
5021 12
+2 12
-2 48
4151 24
+1 24
-1 216
+1 302
+22 10170
-1 10170
+1 132363
+4 66928
+4 66928
-3 66928
+1 66928
+2 66928
+1 2021
+1 2021
+3 2021
+1 2021
+1 2021
-2 2021
+12 2021
-12 2021
+3 2021
+9 2021
-12 64907
+1 64907
+1 64907
-2 64907
+12 64907
-12 64907
+3 64907
+9 131801
-41 66894
-3 66894
+3 133788
+1 66894
+1 133788
+2 133788
-4 34
-3 34
+3 68
+1 34
+1 68
+2 68
+1 11844
+2 11844
-1 11844
+2 171321
+3 133856
+3 133856
+4 113516
+26 480
+6 97
-73 3
1829 1
+2 3
-2 128
+2 378
-2 252
+6 3
+5 1
+2 1
-2 1
4208 8
1839 3

fn=(490)
3821 1050943860
+13 315283158
+6 420377544
+1 210188772
+13 420377544
+13 210188772
+11 420377392
+1 315283044
1909 105094348
3903 105094348
1909 210188696
3905 315283044
+1 210188696
+1 105094348
+3 105094348
-3 105094348
+9 315283044
-5 315283044
+14 420329180
+2 105094348
+2 630566088
+2 420329180
4096 840754800
3942 76
3832 38
3943 76
+18 38
-4 38
+4 76
+6 76
+8 114
+6 76
+1 76
+1 76
1909 114
3992 76
+1 1
+2 1
-1 1
+2 14
+3 76
+5 74
+4 31
+9 31
-1 31
+2 62
-1 6
-1 6
+2 12
+7 37
-2 37
+1 37
+1 37
+2 7
+1 7
+2 7
+1 7
+2 21
+1 7
+30 14
-34 30
+1 30
+2 90
+1 30
+30 62
+1 10
+3 15
+16 76
+2 144
+10 288
3952 216
+2 72
+51 84
+1 12
+64 25
+2 4
cfn=(516)
calls=1 2752 
* 215
* 1
-27 1
+1 3
+1 2
+19 8
cfn=(334)
calls=4 +47 
* 1597914
* 4
-97 114
-2 76

fn=(332)
3351 105094396
-30 105094396
+30 105094396
-30 105094396
+30 105094396
-30 105094396
+30 315283188
-30 630566376
+30 210188792
+4 210188792
+14 210188792
+1 315283041
+1 105094347
+1 105094347
-1 210188694
+5 210188694
+3 525028415
+1 105005683
-1 105005683
+1 210011366
+26 177426
+1 177394
+1 177394
+2 266091
+1 40896
+3 20447
+1 40894
+5 20447
+1 20447
+1 20447
+2 61341
1902 105027951
3753 105027951
1902 210055902
3755 105027951
+58 840755168
3446 126
+1 32
+1 20
cfn=(334)
calls=5 4113 
* 653092
* 10
3798 5
5023 10
3798 15
+2 125
5021 5
+2 5
-2 15
3467 10
3798 68261
5023 136522
3798 204783
+2 1706525
5021 68261
+2 68261
-2 204783
3467 136528
+67 66771
+1 133542
+1 44514
+45 22257
+7 22257
-6 22257
+1 22257
+1 22257
+1 22257
+3 22257
-52 11
+45 11
+7 11
-6 11
+1 11
+1 11
+1 11
+3 11
3467 271608
+2 36383
-1 36383
+1 72766
+1 72766
+7 36383
+10 106134
+34 24750
-5 24750
+1 24750
+4 24750
+12 44536
+6 102
+1 2
+1 2
+3 4
-5 45
+1 9
+1 9
+3 18
+34 44
-39 48
-50 12722
-1 25444
+2 12709
-1 25418
+4 11633
+1 23266
+4 23266
-3 23266
+1 23266
+1 23266
+1 11633
+2 11400
+1 11400
+3 79800
+2 22800
-2 11400
+2 11400
+4 11400
1902 11400
3507 11400
1902 22800
3504 1631
+2 466
-2 233
+2 233
+4 233
1902 233
3507 233
1902 128392
3539 35
+58 108308
+70 54154
+1 54154
+1 54154
-1 54154
+1 54154
+1 108308
+1 108308
+5 216880
+2 157062
+2 209324
-2 156984
+2 209312
-2 104654
+2 156975
+95 52333
+3 52333
-2 104666
+2 104666
+16 50
+1 6
cfn=(334)
calls=3 4113 
* 34560
+2 3
+1 3
-1 3
3688 1535
+1 1535
-2 6844
+7 1887
+3 3774
+1 66
+1 66
+1 66
-2 264
+59 66
3523 2482
-1 4964
+1 4964
1902 2482
3526 2482
1902 4964
3528 4964
3382 525028415
3598 32
+3 48
3446 120
3680 16
+2 4
+1 8
-1 17
+1 34
3446 4
3704 5463
+8 1821
-3 3642
+3 21885
+3 3642
+2 742
-1 742
+1 2226
-37 51
+48 1079
-5 1079
+6 2158
+11 1079
-6 1079
+1 1079
+1 1079
+1 1079
+3 1079
+1 1078
+1 2158
+2 11
+1 11
+2 77
+2 22
-2 11
+2 11
+1 22
-3 7476
+2 2136
-2 1068
+2 1068
+1 2136
3412 4
cfn=(334)
calls=1 4113 
* 793
* 3
+34 14
3807 88
cfn=(336)
calls=22 2280 
* 3589
+1 22
-1 22
+1 22
1902 88
3782 52308
-3 52308
+1 104616
+2 52308
-1 52308
+1 104616
+2 52308
-2 156924
+5 52308
-5 52308
+2 52308
1902 156924
3712 132

fl=(48) /usr/src/debug////////glibc-2.17-c758a686/string/../sysdeps/x86_64/multiarch/memset.S
fn=(182) memset
27 1
+1 1
+1 1
+1 1
+1 1
+2 1
+1 1
+5 1

fl=(83) /usr/src/debug/glibc-2.17-c758a686/misc/sbrk.c
fn=(340) sbrk
34 24
+8 24
-8 72
+8 141
+4 48
+4 81
+3 21
cfi=(84) /usr/src/debug/glibc-2.17-c758a686/misc/../sysdeps/unix/sysv/linux/x86_64/brk.c
cfn=(342) brk
calls=21 -22 
* 273
* 42
+4 120
-14 48
cfi=(84)
cfn=(342)
calls=24 -12 
* 312
* 96
+9 2
+1 4

fl=(94) /usr/src/debug/glibc-2.17-c758a686/io/../sysdeps/unix/sysv/linux/wordsize-64/xstat.c
fn=(396) _xstat
36 1
-1 1
+1 1
+1 6
+4 1

fl=(66) /usr/src/debug/glibc-2.17-c758a686/ctype/ctype-info.c
fn=(246) __ctype_init
32 5
+2 1
-2 2
+2 3
+2 5

fl=(44) /usr/src/debug////////glibc-2.17-c758a686/string/../sysdeps/x86_64/multiarch/strcmp.S
fn=(180) strncasecmp
120 1
+2 1
+1 1
+1 1
+9 1

fn=(172) strcasecmp
100 1
+2 1
+1 1
+1 1
+9 1

fl=(106) /usr/src/debug/glibc-2.17-c758a686/libio/putc.c
fn=(522) putc
27 2400
+3 2400
-3 4800
+3 36000
+1 7200
fi=(99) /usr/src/debug/glibc-2.17-c758a686/libio/libioP.h
885 4800
+1 19200
fe=(106)
34 7200
-3 7200
cfi=(88) /usr/src/debug/glibc-2.17-c758a686/libio/genops.c
cfn=(524) __overflow
calls=2400 240 
* 131103
* 4800

fl=(114) /usr/src/debug/glibc-2.17-c758a686/posix/../sysdeps/unix/sysv/linux/_exit.c
fn=(656) _Exit
28 2
+4 1
+2 2

fl=(62) /usr/src/debug/glibc-2.17-c758a686/csu/../csu/init-first.c
fn=(238) _init
52 8
+6 6
+17 1
fi=(63) /usr/src/debug/glibc-2.17-c758a686/csu/../sysdeps/unix/sysv/linux/x86_64/init-first.c
-35 2
fe=(62)
+33 1
+1 1
fi=(63)
-34 1
-2 2
fe=(62)
+37 1
fi=(63)
-37 3
+2 1
cfi=(46) /usr/src/debug/glibc-2.17-c758a686/elf/../sysdeps/unix/sysv/linux/dl-vdso.c
cfn=(176) _dl_vdso_vsym
calls=1 -13 
* 7
+1 2
+5 2
-3 2
+1 1
+2 1
cfi=(46)
cfn=(176)
calls=1 -19 
* 7
fe=(62)
+43 1
fi=(63)
-39 1
fe=(62)
+39 2
fi=(63)
-39 2
+1 2
+1 1
fe=(62)
+37 1
cfi=(64) /usr/src/debug/glibc-2.17-c758a686/misc/init-misc.c
cfn=(242) __init_misc
calls=1 -59 
* 58
+8 1
cfi=(66)
cfn=(246)
calls=1 -65 
* 16
+5 6
-35 1
-9 1
+9 4
fi=(63)
-25 2
fe=(62)

fl=(75) /usr/src/debug////////glibc-2.17-c758a686/setjmp/../sysdeps/x86_64/setjmp.S
fn=(308) __sigsetjmp
26 1
+9 1
+1 2
+1 1
+4 1
+1 1
+1 1
+1 1
+1 1
+2 2
+2 1
+1 1
+1 1
+2 2
+2 1
+9 1
cfi=(76) /usr/src/debug/glibc-2.17-c758a686/setjmp/sigjmp.c
cfn=(310) __sigjmp_save
calls=1 -35 
* 9

fl=(112) /usr/src/debug/glibc-2.17-c758a686/stdlib/cxa_finalize.c
fn=(610) __cxa_finalize
30 6
+17 2
-17 10
+4 8
+4 12
-4 6
+32 8
+4 12
-4 6
+12 4
+3 2
-2 2
+2 12
-2 2
cfi=(113) /usr/src/debug/glibc-2.17-c758a686/nptl/../nptl/sysdeps/unix/sysv/linux/unregister-atfork.c
cfn=(612) __unregister_atfork
calls=2 -43 
* 14

fl=(89) /usr/src/debug/glibc-2.17-c758a686/libio/fileops.c
fn=(560) _IO_file_close
1293 2
cfi=(90) /usr/src/debug////////glibc-2.17-c758a686/io/../sysdeps/unix/syscall-template.S
cfn=(562) __close_nocancel
calls=1 81 
* 5

fn=(430) _IO_file_read
1252 24
cfi=(90)
cfn=(432) read
calls=6 81 
* 42

fn=(526) _IO_file_overflow@@GLIBC_2.2.5
831 9600
+1 7200
+7 16796
+35 4800
+3 4800
+3 7200
+1 7200
+1 9600
+4 2400
+1 9600
-45 2
+12 2
+9 4
+8 1
-4 1
+3 2
-2 2
-3 1
+1 2
+5 1
-1 1
+1 3
+1 2
+12 206
-1 103
+1 103
-1 103
cfn=(532) _IO_do_write@@GLIBC_2.2.5
calls=103 516 
* 10197
* 206
-39 2
cfi=(88)
cfn=(414) _IO_doallocbuf
calls=1 415 
* 156
+1 6

fn=(650) _IO_file_setbuf@@GLIBC_2.2.5
468 2
+1 1
cfi=(88)
cfn=(652) _IO_default_setbuf
calls=1 +89 
* 67
* 2
+4 2
-1 2
+2 3
+2 1
+1 2

fn=(374) _IO_file_fopen@@GLIBC_2.2.5
268 1
+12 1
-12 8
+11 3
+2 4
438 8
289 2
-20 1
+37 12
+41 1
233 1
+1 2
-1 1
+4 1
cfi=(90)
cfn=(376) open
calls=1 81 
* 7
* 1
+4 2
+3 1
-1 1
+1 2
+3 2
-3 1
+3 1
+10 2
cfi=(88)
cfn=(372) _IO_link_in
calls=1 100 
* 11
367 3
cfi=(91)
cfn=(380)
calls=1 53 
* 25
* 1
+1 3
-83 1
-1 1
-15 2

fn=(412) _IO_file_underflow@@GLIBC_2.2.5
559 48
+8 18
+6 18
+3 12
+13 12
fi=(99)
886 18
fe=(89)
609 12
cfi=(88)
cfn=(428) _IO_switch_to_get_mode
calls=6 183 
* 144
+11 6
-5 6
fi=(99)
959 6
fe=(89)
615 12
fi=(99)
959 6
fe=(89)
616 6
+2 6
fi=(99)
960 6
fe=(89)
617 12
fi=(99)
960 6
fe=(89)
620 24
cfn=(430)
calls=6 1252 
* 66
+2 12
+10 6
-3 6
+3 12
+2 12
+1 66
-56 3
+5 2
cfi=(88)
cfn=(414)
calls=1 415 
* 143
* 2

fn=(418) _IO_file_stat
1270 2
+1 6
cfi=(97) /usr/src/debug/glibc-2.17-c758a686/io/../sysdeps/unix/sysv/linux/wordsize-64/fxstat.c
cfn=(420) _fxstat
calls=2 36 
* 20

fn=(532)
516 103
+2 206
-2 515
+2 103
+12 412
+7 412
+8 103
fi=(99)
959 206
+1 206
fe=(89)
545 412
cfn=(534) _IO_file_write@@GLIBC_2.2.5
calls=103 1302 
* 4429
* 103
+1 309
+6 103
-4 103
+4 103
-4 309
+1 206
+3 103
-2 103
-32 206
+1 309
-1 103
+1 103
-1 103
+1 206
+32 206
-4 412

fn=(534)
1302 721
+2 515
+11 103
+1 103
-12 206
+5 103
-1 309
+1 206
cfi=(90)
cfn=(536) write
calls=103 81 
* 721
+1 206
+9 309
+3 927

fn=(566) _IO_file_finish@@GLIBC_2.2.5
211 4
+1 2
+7 1
-1 2
+1 2
-1 1
cfi=(88)
cfn=(568) _IO_default_finish
calls=1 689 
* 24

fn=(370) _IO_new_file_init_internal
144 1
+4 1
-4 3
+5 1
-1 1
+3 1
cfi=(88)
cfn=(372)
calls=1 -51 
* 82
+1 1
+1 4

fn=(556) _IO_file_close_it@@GLIBC_2.2.5
167 3
+2 1
-2 1
+2 2
+4 1
+3 1
-3 1
-1 2
+6 1
+3 1
-3 1
cfi=(88)
cfn=(558) _IO_unsave_markers
calls=1 1122 
* 9
+3 2
+4 3
+9 5
cfi=(88)
cfn=(424) _IO_setb
calls=1 400 
* 39
+1 2
+3 1
-3 1
+1 3
+2 1
cfi=(88)
cfn=(554) _IO_un_link
calls=1 61 
* 10
+5 2
-4 1
+1 1
+1 1
+2 1
+1 4
-23 1
fi=(99)
957 3
+2 2
+1 2
fe=(89)
181 2
cfn=(560)
calls=1 1293 
* 7
* 2

fn=(654) _IO_file_sync@@GLIBC_2.2.5
893 4
+5 4
+2 1
+1 2
+17 1
+4 1
-4 1
+4 3

fl=(47) /usr/src/debug////////glibc-2.17-c758a686/string/../sysdeps/x86_64/multiarch/strnlen.S
fn=(178) strnlen
30 1
+1 1
+1 1
+1 1
+2 1

fl=(76)
fn=(310)
29 2
-1 2
+1 2
+5 3

fl=(50) ???
fn=(186) memcpy@GLIBC_2.2.5
0 15

fl=(82)
fn=(338)
47 24
+1 24
cfi=(83)
cfn=(340)
calls=24 -14 
* 1308
+2 72
+2 72

fl=(97)
fn=(420)
36 2
-1 2
+1 2
+1 12
+4 2

fl=(65) /usr/src/debug////////glibc-2.17-c758a686/string/../sysdeps/x86_64/strrchr.S
fn=(244) __GI_strrchr
25 1
+1 1
+1 1
+1 1
+1 1
+1 1
+1 1
+1 1
+1 1
+1 1
+1 1
+1 1
+1 1
+1 1
+1 1
+1 1
+1 1
+1 1
+1 1
+1 1
+1 1
+1 1
+1 1
+13 1
+1 1
+1 1
+1 1
+7 1
+1 1
+1 1
+1 1
+1 1
+1 1
+1 1

fl=(84)
fn=(342)
31 45
-3 45
+3 315
+8 45
-6 90
+7 45

fl=(72) /usr/src/debug/glibc-2.17-c758a686/csu/../csu/libc-start.c
fn=(286) (below main)
134 7
+10 1
-10 3
+10 7
+62 1
-62 1
+62 1
+1 4
cfi=(73) /usr/src/debug/glibc-2.17-c758a686/stdlib/cxa_atexit.c
cfn=(288) __cxa_atexit
calls=1 56 
* 61
+22 6
+3 2
+1 5
cob=(6) /h/jfacul01/comp40/HW6/UM/HW7/um
cfi=(69) ???
cfn=(292) __libc_csu_init
calls=1 0 
* 57
+4 4
+15 2
+9 2
cfi=(74) /usr/src/debug////////glibc-2.17-c758a686/setjmp/../sysdeps/x86_64/bsd-_setjmp.S
cfn=(306) _setjmp
calls=1 33 
* 30
+1 2
+5 2
+1 2
+3 2
+3 6
cob=(6)
cfi=(77) /h/jfacul01/comp40/HW6/UM/HW7/machine.c
cfn=(312) main
calls=1 12 
* 163606098843

fl=(85)
fn=(344)
57 4332193
+1 4332193
+1 4332193
+1 4332193
+1 4332193
+2 4332193
+1 4332193
+1 1
+1 1
+1 1
+1 1
+1 1
+1 1
+2 3089582
+10 4332192
+1 4332192
+1 4332192
+1 4332192
+1 4332192
+1 4332192
+1 4332192
+1 4332192
+1 4332192
+1 4332192
+1 4332192
+1 4332192
+1 4332192
+1 5574803
+3 1242611
+1 1242611
+1 1242611
+1 1242611
+1 1242611
+1 1242611
+1 1242611
-6 6047
+1 6047
+1 6047
+1 6047
+1 6047
+1 6047
+1 6047
+1 1242611

fl=(95) /usr/src/debug/glibc-2.17-c758a686/libio/getc.c
fn=(406) getc
36 45684
+3 45684
-3 45684
+3 685260
+1 274086
fi=(99)
885 91368
+1 365472
fe=(95)
43 137052
-3 12
cfi=(88)
cfn=(408) __uflow
calls=6 364 
* 1073
* 12

fl=(104) /usr/src/debug////////glibc-2.17-c758a686/string/../sysdeps/x86_64/multiarch/memcpy-ssse3-back.S
fn=(476) __memcpy_ssse3_back
59 1
+14 1
+1 1
+20 1
+1 1
+32 1
+2 1
+1 1
+1 1
1575 1
+1 1
+2 1
+1 1
+1 1
+1 1
+1 1
+1 1
+1 1
+6 1
+11 1
+1 1
+1 1
+2 1
+1 1
+1 1
+39 1
+2 1
+2 1
+1 1
+1 1
+1 1
+1 1
+1 1
+1 1
+1 1
+1 1
+1 1
+1 1
+1 1
+1 1
+1 1
+1 1
+1 1
+1 1
+1 1
+1 1
+1 1
+1 1
+1 1
+1 1
+1 1

ob=(1)
fl=(7)
fn=(12)
117 2
+1 6
-1 3
-29 1
-1 2
+31 108
-1 86
fi=(21) /usr/src/debug/glibc-2.17-c758a686/elf/../sysdeps/unix/sysv/linux/dl-sysdep.c
-82 2
cfi=(8) /usr/src/debug/glibc-2.17-c758a686/elf/../sysdeps/unix/sysv/linux/x86_64/brk.c
cfn=(14) brk
calls=1 -4 
* 12
fi=(5) /usr/src/debug/glibc-2.17-c758a686/elf/../sysdeps/x86_64/dl-machine.h
220 5
+4 1
cfi=(9) /usr/src/debug/glibc-2.17-c758a686/elf/../sysdeps/x86/cpu-features.c
cfn=(18) init_cpu_features.constprop.0
calls=1 39 
* 115
fe=(7)
+2 3
+1 1
cfi=(10) /usr/src/debug////////glibc-2.17-c758a686/string/../sysdeps/x86_64/rtld-strlen.S
cfn=(20) strlen
calls=1 28 
* 39
* 1
+2 2
cfi=(11) /usr/src/debug/glibc-2.17-c758a686/elf/../misc/sbrk.c
cfn=(22) sbrk
calls=1 34 
* 17
* 3
+12 3
+3 6
cfi=(2) /usr/src/debug/glibc-2.17-c758a686/elf/rtld.c
cfn=(24) dl_main
calls=1 1005 
* 160419
+2 9
-67 1
+1 1
-29 1
+1 1
+11 1
+1 1
-7 1
+1 1
-4 1
+1 1
-25 1
+1 1
-4 1
+1 1
-7 1
+1 1
+2 1
+1 1

fl=(70) /usr/src/debug////////glibc-2.17-c758a686/elf/../sysdeps/x86_64/dl-trampoline.h
fn=(280) _dl_runtime_resolve_xsave
71 1
+3 1
+2 1
+10 1
+6 1
+1 1
+1 1
+1 1
+1 1
+1 1
+1 1
+4 1
+1 1
+3 1
+1 1
+2 1
+1 1
+1 1
+1 1
+1 1
+1 1
+2 1
+13 1
+1 1
+1 1
cfi=(71) /usr/src/debug/glibc-2.17-c758a686/elf/../elf/dl-runtime.c
cfn=(282) _dl_fixup
calls=1 -63 
* 1490
+1 1
+5 1
+1 1
+1 1
+2 1
+1 1
+1 1
+1 1
+1 1
+1 1
+1 1
+2 1
+2 1
+4 1
+3 1

fn=(281) _dl_runtime_resolve_xsave'2
71 13
+3 13
+2 13
+10 13
+6 13
+1 13
+1 13
+1 13
+1 13
+1 13
+1 13
+4 13
+1 13
+3 13
+1 13
+2 13
+1 13
+1 13
+1 13
+1 13
+1 13
+2 13
+13 13
+1 13
+1 13
cfi=(71)
cfn=(282)
calls=13 -63 
* 15717
+1 13
+5 13
+1 13
+1 13
+2 13
+1 13
+1 13
+1 13
+1 13
+1 13
+1 13
+2 13
+2 13
+4 13
+3 13

fl=(1) ???
fn=(0) 0x0000000000000ff0
0 2
cfi=(2)
cfn=(2) _dl_start
calls=1 441 
0 161709
0 14
cfi=(60) /usr/src/debug/glibc-2.17-c758a686/elf/dl-init.c
cfn=(224) _dl_init
calls=1 90 
0 2304
0 3
cob=(6)
cfi=(69)
cfn=(272) 0x0000000000400bb1
calls=1 0 
0 163606100597

fl=(6) /usr/src/debug/glibc-2.17-c758a686/elf/dl-lookup.c
fn=(166) do_lookup_x
82 1080
+1 120
-6 120
+5 360
-5 840
+11 120
+1 120
233 120
-3 120
+3 120
-3 360
98 120
-3 120
+1 120
+2 120
+3 120
-3 120
+3 120
-3 365
-3 365
+1 365
+2 365
+3 365
-3 365
+3 365
+4 994
+4 964
+4 964
+7 1446
+4 964
+1 1446
226 482
+1 964
+4 500
-2 250
+5 1000
+4 500
-1 500
+1 250
-1 500
+21 147
+24 748
462 2046
+1 395
cfi=(31) /usr/src/debug/glibc-2.17-c758a686/elf/dl-misc.c
cfn=(96) _dl_name_match_p
calls=79 304 
* 3715
* 474
+3 1131
+3 24
287 808
+4 258
+13 108
+1 108
-1 108
+1 108
+1 108
470 960
241 428
-1 214
+2 214
+2 318
+10 306
-7 1025
+2 206
+1 412
-1 618
+1 309
cfn=(170) check_match.9524
calls=103 132 
* 16535
+1 515
+11 1376
+6 1180
+2 2768
-2 692
+2 692
-2 692
+4 4879
cfn=(170)
calls=697 132 
* 22720
+1 3490
-10 120
fi=(43) /usr/src/debug/glibc-2.17-c758a686/elf/../sysdeps/generic/dl-hash.h
32 120
-1 120
+1 600
+2 240
+1 360
+2 240
+1 360
+2 240
+1 360
+2 113
+1 113
-1 113
+2 339
+3 2883
+1 1922
+13 1922
-17 2883
+22 678
fe=(6)
263 226
fi=(43)
67 35
fe=(6)
263 14

fn=(164) _dl_lookup_symbol_x
716 1440
477 120
716 240
477 360
-1 240
+2 120
-1 120
+1 360
-1 360
+1 1434
-1 1434
+1 4302
-1 4542
718 120
+4 120
+9 120
-13 120
+15 120
-14 240
+14 120
-2 120
+6 960
+2 1560
cfn=(166)
calls=120 82 
* 103435
+3 240
+3 12
-8 48
-7 240
+40 240
+24 108
+1 756
+26 108
+9 540
+14 324
+3 432
+5 108
+2 960
-82 84
+18 12
+1 24
+54 2

fn=(10) _dl_setup_hash
865 15
+4 3
+4 6
+2 3
-1 3
+4 3
+4 3
-4 3
+1 6
+2 3
-2 3
+3 3
+2 3
+1 3
+1 12
+1 3
+3 6
+2 2
+2 2
+2 2
+1 2
+1 2
-4 2
+4 4

fn=(170)
132 5600
+1 1600
+2 1600
+2 1170
-2 780
+12 1170
+3 2052
cfi=(19) /usr/src/debug////////glibc-2.17-c758a686/string/../sysdeps/x86_64/strcmp.S
cfn=(54) strcmp
calls=318 -16 
* 5728
* 636
+5 108
-1 108
+1 108
-1 108
+1 108
+2 212
+19 212
+1 848
+46 648
-18 4
+2 4
+1 8
-1 4
+1 2
-1 4
+9 282
+7 4152
-45 318
cfi=(19)
cfn=(54)
calls=106 -44 
* 9207
* 424
-43 820
+81 1230

fl=(15) /usr/src/debug/glibc-2.17-c758a686/elf/dl-object.c
fn=(48) _dl_add_to_namespace_list
33 8
+2 4
-2 12
+2 4
cfi=(2)
cfn=(50) rtld_lock_default_lock_recursive
calls=4 917 
* 8
+2 29
+4 6
-1 27
+2 3
+2 3
+4 3
+4 3
-4 6
+1 6
+1 6
+2 3
+1 9
-1 3
cfi=(2)
cfn=(52) rtld_lock_default_unlock_recursive
calls=3 923 
* 6
-4 1
+4 1
-4 2
+1 2
+1 2
+2 1
+1 3
-1 1
cfi=(2)
cfn=(52)
calls=1 923 
* 2
-5 2

fn=(32) _dl_new_object
62 44
+1 4
-1 8
+1 4
cfi=(10)
cfn=(20)
calls=4 -35 
* 228
+6 4
-6 12
+6 44
+7 16
cfi=(17) /usr/src/debug/glibc-2.17-c758a686/elf/dl-minimal.c
cfn=(36) calloc
calls=4 +26 
* 225
* 4
+3 4
-3 4
+3 4
+4 4
+5 4
-6 4
+6 4
-5 4
+5 4
-1 8
+1 4
cfi=(18) /usr/src/debug////////glibc-2.17-c758a686/string/../sysdeps/x86_64/memcpy.S
cfn=(46) memcpy
calls=4 -27 
* 120
* 4
+4 4
-2 4
+3 4
-1 4
+1 16
+3 4
-3 4
+3 4
+9 4
-7 4
+4 4
+3 9
+2 2
-2 2
+2 30
-2 30
+12 4
+6 4
-5 4
-1 4
+6 12
-2 4
+2 8
+2 9
+3 9
+4 9
+4 9
+2 1
+6 1
+3 2
+3 5
-3 6
+3 15
+2 3
+4 3
-4 3
cfi=(10)
cfn=(20)
calls=3 28 
* 165
* 6
+4 3
-4 3
+4 9
+64 6
+4 32
-88 9
-39 9
+39 3
+70 9
cfi=(18)
cfn=(68) mempcpy
calls=3 61 
* 108
* 3
+5 50
+1 50
-1 50
+1 53
-1 3
+1 9
+5 6
-57 6
cfi=(17)
cfn=(40) malloc
calls=3 -67 
* 102
* 3
+1 3
-1 3
+1 9

fl=(60)
fn=(224)
90 10
+5 1
-4 1
-1 1
+2 1
+3 2
+7 6
+28 3
+1 4
-97 3
+97 16
-97 12
+9 4
-3 8
+3 12
+5 9
+5 4
+8 4
+2 4
+4 8
cob=(2) ???
cfi=(16) ???
cfn=(258) 0x0000000004c2b170
calls=1 -67 
* 6
cob=(3)
cfi=(62)
cfn=(238)
calls=1 -15 
* 148
+4 2
+1 4
+6 4
+2 4
-2 2
+3 12
+1 8
cob=(4) /usr/lib64/libm-2.17.so
cfi=(55) ???
cfn=(262) 0x00000000000056d0
calls=1 -82 
* 16
cob=(3)
cfi=(67) /usr/src/debug/glibc-2.17-c758a686/string/../sysdeps/x86_64/cacheinfo.c
cfn=(248) init_cacheinfo
calls=1 478 
* 1877
* 2
-1 8
+49 10
+4 1
+1 8
-86 4
-15 3
+9 1
-3 2
+3 3
+5 3
+5 2
+8 2
+2 2
+4 5
cob=(2)
cfi=(16)
cfn=(226) 0x0000000004a24510
calls=1 -67 
* 6
* 1
+4 1
+1 2
+6 2
+2 2
-2 1
+3 6
+1 4
cob=(5) /usr/sup/valgrind-3.11.0/lib/valgrind/vgpreload_core-amd64-linux.so
cfi=(61) ???
cfn=(230) 0x0000000000000640
calls=1 -82 
* 17
* 1
-1 4
+17 2
-54 3

fl=(40) /usr/src/debug/glibc-2.17-c758a686/string/strdup.c
fn=(138) strdup
40 8
+1 2
cfi=(10)
cfn=(20)
calls=2 -13 
* 68
* 2
+1 4
cfi=(17)
cfn=(40)
calls=2 +51 
* 68
* 2
+2 4
+4 2
-1 4
+1 4
-1 4
cfi=(18)
cfn=(46)
calls=2 +14 
* 54

fl=(31)
fn=(96)
304 575
+1 230
cfi=(19)
cfn=(54)
calls=115 134 
* 812
* 115
+1 115
-1 115
+3 115
+2 230
+4 116
-4 232
+1 369
cfi=(19)
cfn=(54)
calls=123 134 
* 2240
* 246
-5 7
+11 143
-1 108
+1 432

fn=(134) _dl_sysdep_read_whole_file
43 1
+7 1
-7 3
+7 1
-7 1
+1 1
-1 2
+7 1
cfi=(32) /usr/src/debug////////glibc-2.17-c758a686/io/../sysdeps/unix/syscall-template.S
cfn=(102) open
calls=1 +31 
* 5
+1 1
-1 1
+1 1
+2 4
cfi=(33) /usr/src/debug/glibc-2.17-c758a686/io/../sysdeps/unix/sysv/linux/wordsize-64/fxstat.c
cfn=(110) _fxstat
calls=1 -17 
* 10
* 2
+2 1
+3 1
-3 1
+3 1
+13 2
cfi=(32)
cfn=(120) close
calls=1 +10 
* 5
+3 7
-14 6
cfi=(34) /usr/src/debug/glibc-2.17-c758a686/misc/../sysdeps/unix/sysv/linux/wordsize-64/mmap.c
cfn=(112) mmap
calls=1 -28 
* 33
* 2

fl=(27) /usr/src/debug/glibc-2.17-c758a686/elf/../elf/dl-tls.c
fn=(214) _dl_allocate_tls_init
443 7
+1 1
-1 1
+1 1
+4 1
+6 2
-6 2
+6 2
+12 1
-15 1
-1 2
+21 6
+6 12
+3 1
+1 2
+7 1
+2 1
-2 2
+2 3
+1 1
+3 2
-1 2
+18 1
-2 1
-8 1
+8 2
-8 1
+8 1
cfi=(18)
cfn=(68)
calls=1 61 
* 23
* 4
cfi=(36) /usr/src/debug////////glibc-2.17-c758a686/string/../sysdeps/x86_64/rtld-memset.S
cfn=(116) memset
calls=1 30 
* 150
* 2
-38 3
+52 2
+2 1
+1 8

fn=(188) _dl_add_to_slotinfo
879 6
+6 1
+3 2
+5 5
+41 1
+1 3
+1 6

fn=(140) _dl_next_tls_modid
52 3
+48 2
+4 1

fn=(156) _dl_allocate_tls_storage
349 1
+13 1
-13 2
+2 1
+11 2
cfi=(17)
cfn=(44) __libc_memalign
calls=1 51 
* 78
* 1
+1 1
-1 1
+1 1
+7 1
+4 306
-58 1
+1 1
-1 1
+1 2
cfi=(17)
cfn=(36)
calls=1 102 
* 43
* 1
+1 2
+9 1
-6 1
+6 1
+64 5

fn=(78) _dl_count_modids
111 2
+1 2

fn=(154) _dl_determine_tlsoffset
144 1
+34 1
-34 1
+34 2
-45 1
+1 1
+2 1
-3 1
+2 1
-2 1
+43 1
-43 2
+50 1
-1 1
+5 2
-4 1
-1 1
+7 1
-7 1
+3 2
+2 1
+2 1
-2 2
+16 5
+2 1
+1 1
-1 2
+4 1
+6 1
-12 1
-25 5
+40 1
+53 4
-1 1
+1 3
-52 1
+52 1

fl=(13) /usr/src/debug/glibc-2.17-c758a686/elf/dl-environ.c
fn=(28) _dl_next_ld_env_entry
30 3
+3 11
+2 92
+11 44
-13 132
-2 1
+19 1
-14 20
+5 2
-3 2
+3 2
+2 2

fl=(111) /usr/src/debug/glibc-2.17-c758a686/elf/dl-fini.c
fn=(582) _dl_fini
132 3
+12 1
-12 5
+19 1
-6 1
+9 10
+3 2
cfi=(2)
cfn=(50)
calls=1 917 
* 2
+3 2
+3 2
+2 7
+11 3
+2 2
+3 21
+11 2
+2 10
+4 5
+2 5
-2 10
+6 5
-5 5
-7 15
+19 6
cfn=(584) _dl_sort_fini
calls=1 33 
* 352
+9 2
cfi=(2)
cfn=(52)
calls=1 923 
* 2
+4 4
+2 1
+2 3
-2 4
+2 12
+3 10
+3 15
+4 6
+7 6
+4 3
+1 3
-1 3
+2 6
+1 9
+1 6
cob=(4)
cfi=(55)
cfn=(624) 0x0000000000005690
calls=1 0 
* 75
cob=(5)
cfi=(61)
cfn=(598) 0x0000000000000600
calls=1 0 
* 1115
cob=(6)
cfi=(69)
cfn=(586) 0x0000000000400c70
calls=1 0 
* 17
-1 9
+5 9
+1 9
cob=(2)
cfi=(16)
cfn=(640) 0x0000000004c962d8
calls=1 0 
* 3
cob=(2)
cfi=(16)
cfn=(622) 0x0000000004a247a8
calls=1 0 
* 3
cob=(2)
cfi=(16)
cfn=(596) 0x0000000000402894
calls=1 0 
* 3
+5 30
+16 10
-55 11
-70 2
284 6
-49 4
+55 2
+7 8

fn=(584)
33 8
+2 1
-2 3
+2 1
+6 1
-1 3
+1 2
-1 1
+1 14
+1 3
-1 1
+1 1
cfi=(36)
cfn=(116)
calls=1 -12 
* 16
+15 8
+62 5
+3 24
cfi=(36)
cfn=(116)
calls=3 -92 
* 30
* 12
-76 9
+1 9
+4 9
+71 2
-76 3
+1 3
+4 11
+6 4
+1 4
-1 4
+1 10
+2 12
+1 6
-1 12
+1 9
+3 21
-1 30
+31 18
+21 6
-57 12
+61 16
+7 8

fl=(41) /usr/src/debug/glibc-2.17-c758a686/elf/dl-version.c
fn=(150) match_symbol
76 77
+9 7
-8 7
-1 14
+1 7
+8 7
+6 21
+18 14
+5 14
+14 114
+12 150
+4 50
-30 100
+16 7
+3 28
cfi=(19)
cfn=(54)
calls=7 +1 
* 623
* 14
+35 56

fn=(146) _dl_check_all_versions
381 6
+4 4
-2 2
+4 35
cfn=(148) _dl_check_map_versions
calls=5 174 
* 4429
-2 5
+2 15
-1 5
-1 10
+5 7

fn=(148)
174 45
+15 5
-15 10
+15 10
+2 5
+3 5
-3 5
+2 5
+1 5
+2 5
-3 5
+3 5
+3 12
+4 18
+17 3
56 3
220 3
56 3
220 3
56 15
220 1
56 1
220 1
56 1
220 1
56 5
+1 14
-1 28
+2 54
cfi=(31)
cfn=(96)
calls=18 304 
* 1240
* 40
228 12
+5 32
+20 3
-16 87
cfn=(150)
calls=2 76 
* 391
* 15
cfn=(150)
calls=5 76 
* 919
* 7
+8 28
+3 29
+9 16
+5 1
+1 1
-80 2
-8 2
+96 15
+3 9
+10 28
-7 112
+3 84
-3 12
+3 9
+8 5
+86 5
-86 5
+87 8
-81 16
cfi=(17)
cfn=(36)
calls=4 102 
* 220
* 4
+1 4
-2 4
+2 4
+11 4
-3 4
+3 8
+2 12
+3 12
+4 12
+18 3
-15 9
+2 9
-2 12
+2 12
+2 7
+1 7
-1 14
+1 7
-1 7
+1 7
+1 7
-2 7
+2 14
+1 21
+3 21
+8 12
+5 1
+1 1
+4 12
+3 12
+20 28
-14 28
-2 28
+2 31
-2 3
+2 3
+4 28
+2 28
-1 56
+1 28
-1 84
+1 28
+1 28
+3 93
+10 4
-1 4
+1 28

fl=(21)
fn=(60) _dl_discover_osversion
45 7
+2 3
+85 8
-45 3
cfi=(22) /usr/src/debug////////glibc-2.17-c758a686/posix/../sysdeps/unix/syscall-template.S
cfn=(62) uname
calls=1 -6 
* 5
* 1
+15 1
-15 1
+20 1
-1 1
+3 12
+4 3
-2 6
+2 10
+2 1
+1 2
-3 4
+7 3
-1 3
+4 3
-2 3
+2 10
+5 2

fl=(23) /usr/src/debug/glibc-2.17-c758a686/elf/dl-load.c
fn=(128) open_path
1945 16
+1 2
-1 10
+7 2
-7 2
+1 2
+6 4
+5 34
+74 2
-74 2
-7 2
-1 2
+82 2
-22 2
-52 2
+52 8
-40 2
-9 2
+9 4
-9 2
+9 2
+7 16
cfi=(18)
cfn=(68)
calls=4 61 
* 116
+1 4
-1 4
+1 12
-13 8
+33 16
-20 38
+3 32
+4 80
cfi=(18)
cfn=(68)
calls=10 61 
* 198
* 40
cfi=(18)
cfn=(68)
calls=10 61 
* 230
* 10
+3 10
+3 20
+3 70
cfn=(100) open_verify
calls=10 1681 
* 400
* 10
+2 30
+26 8
+2 6
+36 2
+27 16
-84 16
+1 72
+6 16
+2 24
-2 8
+2 8
cfi=(38) /usr/src/debug/glibc-2.17-c758a686/io/../sysdeps/unix/sysv/linux/wordsize-64/xstat.c
cfn=(130) _xstat
calls=8 36 
* 98
* 16
+1 2
+2 2
-2 2
+2 16
+7 4
-44 4
+37 12
+7 12
-44 14
+85 20
+7 4
-2 4
+2 12
+3 6
+14 6
-72 12

fn=(106) _dl_map_object_from_fd
916 33
+11 3
-11 3
+11 3
-11 9
+11 3
cfi=(26)
cfn=(76)
calls=3 51 
* 24
+4 9
-4 3
+4 3
cfi=(33)
cfn=(110)
calls=3 36 
* 30
* 6
+11 21
+1 9
-1 27
+1 36
461 3
1633 24
960 6
+25 6
+10 6
+22 3
-89 3
+89 9
+35 21
cfi=(15)
cfn=(32)
calls=3 62 
* 1477
+1 3
-1 3
+1 3
+11 6
+5 3
-5 3
+1 6
+1 3
+2 3
-2 3
+2 12
+1 9
+1 3
+24 57
+8 3
-8 6
+8 3
-8 9
+8 3
+99 3
1095 3
1201 3
1096 3
-11 3
1201 6
+8 12
1103 45
-1 184
+1 133
+6 6
+1 9
+1 3
+9 30
+6 12
+1 6
-1 24
+7 24
+11 6
+2 6
-1 6
+4 6
-5 6
+1 6
-1 12
+2 6
-1 6
+2 6
+3 6
+4 6
-9 6
+2 6
+1 6
+1 6
+1 6
+4 6
+1 9
+5 6
-16 3
+16 15
+10 3
-10 6
-16 3
+16 15
+10 3
+3 3
+5 1
-1 1
+3 1
-1 1
-1 1
+1 1
+3 3
+1 2
+3 2
+4 4
+6 1
cfi=(27)
cfn=(140)
calls=1 52 
* 6
* 2
+1 1
+60 6
+1 9
+1 3
-6 6
+1 3
1114 2
+1 7
1262 9
+13 24
+2 6
+14 3
+5 18
cfi=(34)
cfn=(112)
calls=3 32 
* 105
+4 3
-4 3
+4 3
+7 3
+1 3
-1 3
+1 3
+2 3
-3 3
+1 3
+2 3
+10 3
+2 3
+33 18
+1 9
+2 12
+8 24
+6 3
+2 3
-2 3
+1 3
+2 3
-1 3
+1 3
-1 9
+8 6
+3 6
+11 21
cfi=(36)
cfn=(116)
calls=3 30 
* 1998
+1 15
+5 6
+15 6
-74 30
+2 12
+2 24
cfi=(34)
cfn=(112)
calls=3 32 
* 93
* 6
1065 3
1421 12
+9 6
fi=(3) /usr/src/debug/glibc-2.17-c758a686/elf/get-dynamic-info.h
38 3
fe=(23)
1430 3
fi=(3)
38 3
+6 3
-2 3
+2 6
+7 3
+5 3
+3 3
-1 3
-3 3
-3 66
+10 15
-18 45
+8 58
+10 58
-18 174
+18 2
-18 6
+2 150
+5 68
+2 8
+16 6
+20 12
+1 12
+1 12
+1 12
+2 12
+5 12
+1 11
+1 11
+35 9
+5 2
+2 2
-2 2
+2 2
+2 4
+2 4
+1 1
+2 9
+10 2
-8 4
+9 4
-1 2
+5 4
+1 2
+2 6
fe=(23)
1436 6
+16 9
+19 6
+2 15
+51 9
+1 2
+3 2
cfi=(32)
cfn=(120)
calls=1 81 
* 5
* 4
cfi=(32)
cfn=(120)
calls=2 81 
* 10
* 6
+8 15
+3 9
+2 3
-2 3
+2 3
+16 6
cfi=(6)
cfn=(10)
calls=3 865 
* 60
+4 6
+1 6
+17 6
+1 1
+3 1
+6 1
-6 1
+1 2
+5 1
-6 2
+6 2
-6 2
+1 4
+5 2
+10 6
+10 9
cfi=(15)
cfn=(48)
calls=3 33 
* 132
+4 9
fi=(3)
56 8
fe=(23)
1317 3
-1 15
cfi=(35) /usr/src/debug////////glibc-2.17-c758a686/misc/../sysdeps/unix/syscall-template.S
cfn=(114) mprotect
calls=3 81 
* 15
* 3
fi=(3)
59 8
+1 2
+1 8
fe=(23)
1359 10
+2 2
-1 6
+1 4
-1 2
+1 4
-1 4
+3 8
+43 8
cfi=(34)
cfn=(112)
calls=1 32 
* 31
+3 2
1536 6
937 2

fn=(64) _dl_init_paths
710 1
+15 2
-15 8
+15 3
cfi=(24) /usr/src/debug/glibc-2.17-c758a686/elf/dl-hwcaps.c
cfn=(66) _dl_important_hwcaps
calls=1 39 
* 346
+5 1
-5 1
+5 1
cfi=(17)
cfn=(40)
calls=1 93 
* 34
* 1
+1 1
-1 1
-1 1
+2 1
+8 1
-1 1
+1 1
-1 4
+5 4
cfi=(17)
cfn=(40)
calls=1 93 
* 34
* 1
+2 1
-2 1
-1 1
+3 1
+7 1
+10 1
+9 1
-20 1
+12 1
-1 1
+3 1
+1 1
-1 1
+6 9
+1 10
+2 2
-12 1
+12 1
-14 1
+2 1
+3 1
-2 1
+3 1
-1 8
+1 3
+6 11
-1 2
+14 1
-11 1
+6 1
+1 1
+5 2
+4 3
+32 4
+8 3
cfi=(25) /usr/src/debug////////glibc-2.17-c758a686/string/../sysdeps/x86_64/rtld-strchr.S
cfn=(70) index
calls=1 40 
* 109
* 2
+2 2
cfi=(10)
cfn=(20)
calls=1 28 
* 65
* 17
cfi=(18)
cfn=(46)
calls=1 61 
* 31
* 1
+17 3
-1 2
+3 1
+1 3
+1 1
-4 3
+2 26
+1 78
+1 26
-4 79
+8 1
cfi=(17)
cfn=(40)
calls=1 93 
* 34
* 1
+1 1
-2 1
+2 1
+6 7
cfn=(72) fillin_rpath
calls=1 489 
* 920
+4 3
+6 1
+4 8
-72 1
-2 1
+2 2
+11 2
-46 2
+61 4

fn=(100)
1681 130
+36 13
-36 26
+36 26
+21 52
cfi=(32)
cfn=(102)
calls=13 81 
* 105
+1 13
-1 13
+1 13
+10 3
+1 6
+5 18
cfi=(32)
cfn=(104) read
calls=3 81 
* 15
+2 6
+2 3
+2 3
-2 3
+2 3
-2 3
+8 6
+16 15
cfi=(14) /usr/src/debug/glibc-2.17-c758a686/string/../string/memcmp.c
cfn=(30) bcmp
calls=3 319 
* 258
* 6
+2 3
-2 6
+4 12
cfi=(14)
cfn=(30)
calls=3 319 
* 240
-4 6
+60 6
+5 6
+3 12
+5 6
+7 3
+1 3
-1 12
+1 9
+1 3
+15 127
+1 42
+4 8
+1 4
+13 2
+1 2
+2 2
-3 2
+1 2
-1 2
+1 2
-2 2
+4 4
+5 2
+1 2
-13 8
cfi=(14)
cfn=(30)
calls=2 319 
* 146
* 8
cfi=(14)
cfn=(30)
calls=2 319 
* 160
* 8
+16 4
+6 2
-3 2
+1 2
+1 2
+1 4
+1 8
-4 2
+1 2
+1 2
-1 6
-1 2
+4 4
+5 10
+8 96
1814 1
1931 8
1783 8
cfi=(14)
cfn=(30)
calls=2 319 
* 176
* 4

fn=(72)
489 7
+2 1
-2 9
+4 3
cfi=(17)
cfn=(74) strsep
calls=1 340 
* 243
* 6
cfi=(17)
cfn=(74)
calls=2 340 
* 207
* 9
+3 4
cfi=(10)
cfn=(20)
calls=2 28 
* 89
+4 2
-4 2
+4 2
+7 12
+12 25
+1 10
+18 4
+4 6
+1 6
-1 2
+1 2
-2 2
cfi=(17)
cfn=(40)
calls=2 93 
* 68
* 2
+3 2
-3 2
+3 6
+5 2
+1 6
-2 2
+2 2
cfi=(18)
cfn=(68)
calls=2 61 
* 58
+3 2
-3 2
+3 2
-2 2
+2 2
+1 1
+5 4
+1 2
-1 4
+1 26
+1 20
+3 2
-1 4
+1 2
+7 2
+1 2
+3 6
-68 4
+5 4
+3 6
+23 4
+42 1
+3 9
-14 4

fn=(98) expand_dynamic_string_token
419 9
+10 2
-10 1
+10 1
cfi=(25)
cfn=(70)
calls=1 40 
* 169
* 2
161 2
cfi=(10)
cfn=(20)
calls=1 28 
* 97
* 1
+1 2
cfi=(17)
cfn=(40)
calls=1 -69 
* 34
* 1
+2 2
444 1
167 2
444 6
167 2
cfi=(18)
cfn=(46)
calls=1 61 
* 56

fn=(94) _dl_map_object
2094 6
+12 12
-12 6
+12 6
-12 54
+12 6
-12 12
+12 12
+12 30
-12 45
+5 54
+1 36
+2 54
cfi=(31)
cfn=(96)
calls=18 304 
* 1245
* 39
2399 48
2141 6
+11 12
-56 6
+92 6
-2 3
+2 3
cfi=(25)
cfn=(70)
calls=3 40 
* 175
* 6
2330 6
cfn=(98)
calls=1 419 
* 390
+1 1
-3 1
+4 1
-1 2
+4 6
cfn=(100)
calls=1 1681 
* 328
+3 1
-3 1
+3 1
+12 9
+2 6
+44 3
+1 21
-1 3
+1 15
cfn=(106)
calls=3 916 
* 6576
* 3
2192 4
cfi=(10)
cfn=(20)
calls=2 28 
* 121
* 2
+2 2
-2 2
+2 2
+7 8
+35 4
+1 30
cfn=(128)
calls=2 1945 
* 1872
* 6
+6 12
687 2
2244 2
687 4
2322 4
-97 10
+21 4
+6 8
+2 6
+4 4
cfi=(39) /usr/src/debug/glibc-2.17-c758a686/elf/dl-cache.c
cfn=(132) _dl_load_cache_lookup
calls=2 185 
* 3222
+2 2
-2 2
+2 2
+5 6
+8 4
+28 20
cfn=(100)
calls=2 1681 
* 1218
+3 2
-3 2
+3 4
+1 4
-79 14
687 2
2227 2
687 4
2205 2
+8 10
-7 4
-1 2
+8 16
-3 6
687 2
2211 2
687 4
2119 45
+3 6
+2 6
-1 12
+1 6
cfi=(19)
cfn=(54)
calls=6 134 
* 105
* 12

fl=(36)
fn=(116)
30 12
+1 12
+1 12
+1 2180
+1 12
+1 12

fl=(9)
fn=(18)
39 1
+7 1
-7 5
+7 1
-7 1
+10 1
-3 1
+3 5
182 2
+1 7
+7 3
+4 2
+2 4
+41 2
+4 4
+1 2
+3 1
+2 1
-2 3
+2 2
+3 2
+51 1
+1 1
+1 1
+1 8
200 2
+1 1
+6 3
+5 3
+16 2
+3 2
60 1
-31 2
+4 1
-4 1
+5 1
-1 1
+31 1
-30 1
+30 1
-31 1
+27 2
-26 1
+30 1
+1 1
-36 2
+3 1
+28 1
+5 1
+5 1
-17 1
+17 1
+3 1
+1 8
+35 1
-56 1
+56 1
+22 1
-78 1
+78 2

fl=(32)
fn=(104)
81 12
+1 3

fn=(122) access
81 4
+2 5

fn=(120)
81 16
+1 4

fn=(102)
81 56
+1 4
+1 50

fl=(39)
fn=(132)
185 18
+8 4
+3 6
+45 4
+6 2
-6 1
+6 2
+8 2
+20 2
-20 2
+7 2
-7 2
+20 2
-20 2
+7 4
-7 2
+7 2
+13 350
cfn=(136) _dl_cache_libcmp
calls=22 139 
* 1632
* 100
-76 4
cfi=(31)
cfn=(134)
calls=1 43 
* 94
+8 1
-8 1
+8 4
+1 4
cfi=(14)
cfn=(30)
calls=1 319 
* 112
* 2
+7 1
-3 1
+3 3
+3 1
+1 2
-1 1
+1 1
+1 3
cfi=(14)
cfn=(30)
calls=1 +99 
* 111
* 2
+2 2
+53 28
cfn=(136)
calls=2 139 
* 144
* 10
-12 6
+12 2
-12 4
-1 4
+13 46
+16 4
+4 4
+8 4
cfi=(10)
cfn=(20)
calls=2 28 
* 133
* 34
+1 2
-1 2
+1 4
cfi=(18)
cfn=(46)
calls=2 61 
* 54
+1 4
cfi=(40)
cfn=(138)
calls=2 40 
* 226
+1 16

fn=(218) _dl_unload_cache
316 4
-1 1
+3 2
cfi=(35)
cfn=(220) munmap
calls=1 81 
* 5
+1 1
+2 2

fn=(136)
139 72
+1 52
+2 242
+2 121
-2 121
+2 4
+6 2
+2 2
-1 2
-1 2
+1 2
-1 2
+2 6
+2 10
+2 4
+6 238
+2 432
+4 97
+1 97
-29 194
+32 4
+1 4
-8 22
+8 44

fl=(33)
fn=(110)
36 4
-1 4
+1 4
+1 24
+4 4

fl=(42) /usr/src/debug/glibc-2.17-c758a686/elf/dl-reloc.c
fn=(158) _dl_relocate_object
148 50
+15 5
-15 10
+15 5
+1 20
+6 10
+6 15
-18 6
+22 6
+8 10
-33 5
+78 5
fi=(5)
76 5
fe=(42)
233 10
fi=(5)
76 15
fe=(42)
259 224
159 15
fi=(5)
298 24
fe=(42)
-39 3
fi=(4) /usr/src/debug/glibc-2.17-c758a686/elf/do-rel.h
48 3
fe=(42)
259 3
fi=(4)
58 3
fe=(42)
259 3
fi=(4)
47 6
+11 6
fe=(42)
259 2
159 10
fi=(5)
298 16
fe=(42)
-39 2
fi=(4)
48 2
fe=(42)
259 2
fi=(4)
58 2
fe=(42)
259 2
fi=(4)
47 4
+11 4
fe=(42)
259 5
fi=(4)
48 5
fe=(42)
259 5
fi=(4)
58 5
fe=(42)
259 5
fi=(4)
47 10
+11 10
+3 12
fi=(5)
507 62
+4 62
+2 93
+1 31
fi=(4)
61 126
+2 129
+2 38
-4 3
+13 6
+1 5
+1 24
fi=(5)
507 12
+24 12
fi=(4)
75 12
fi=(5)
531 12
+2 12
cob=(4)
cfi=(55)
cfn=(212) sin
calls=1 0 
* 8
cob=(4)
cfi=(55)
cfn=(210) __atan2_finite
calls=1 0 
* 8
cob=(4)
cfi=(57) /usr/src/debug/glibc-2.17-c758a686/math/../sysdeps/x86_64/fpu/multiarch/e_asin.c
cfn=(208) __asin_finite
calls=1 16 
* 5
cob=(4)
cfi=(59) /usr/src/debug////////glibc-2.17-c758a686/math/../sysdeps/x86_64/fpu/multiarch/s_floor.S
cfn=(206) floor
calls=1 25 
* 5
cob=(4)
cfi=(58) /usr/src/debug////////glibc-2.17-c758a686/math/../sysdeps/x86_64/fpu/multiarch/s_floorf.S
cfn=(204) floorf
calls=1 25 
* 5
cob=(4)
cfi=(57)
cfn=(202) __acos_finite
calls=1 10 
* 5
cob=(4)
cfi=(56) /usr/src/debug////////glibc-2.17-c758a686/math/../sysdeps/x86_64/fpu/multiarch/s_rintf.S
cfn=(200) rintf
calls=1 25 
* 5
cob=(4)
cfi=(55)
cfn=(198) __log_finite
calls=1 0 
* 8
cob=(4)
cfi=(54) /usr/src/debug/glibc-2.17-c758a686/math/../sysdeps/x86_64/fpu/multiarch/e_pow.c
cfn=(196) __pow_finite
calls=1 8 
* 5
cob=(4)
cfi=(53) /usr/src/debug////////glibc-2.17-c758a686/math/../sysdeps/x86_64/fpu/multiarch/s_rint.S
cfn=(194) rint
calls=1 25 
* 5
cob=(4)
cfi=(52) /usr/src/debug/glibc-2.17-c758a686/math/../sysdeps/x86_64/fpu/multiarch/s_sin.c
cfn=(192) cos
calls=1 20 
* 8
cob=(4)
cfi=(51) /usr/src/debug/glibc-2.17-c758a686/math/../sysdeps/x86_64/fpu/multiarch/e_exp.c
cfn=(190) __exp_finite
calls=1 15 
* 8
fi=(4)
75 12
fi=(5)
534 12
fi=(4)
75 14
fe=(42)
259 3
fi=(4)
75 9
fe=(42)
259 27
+3 15
+24 5
+3 10
+17 15
+2 40
fi=(4)
84 7
+2 14
+12 7
-15 7
+15 7
-15 7
+15 7
+10 10
+3 13
fi=(5)
497 9
fi=(4)
111 12
fi=(5)
497 3582
fi=(4)
111 4776
+7 21
+3 6
+3 6
-3 6
+3 6
-74 4
fi=(5)
424 4
fi=(4)
51 4
fi=(5)
424 16
fi=(4)
127 496
+9 234
+3 234
fi=(5)
266 117
fi=(4)
138 117
-2 117
+1 468
fi=(5)
266 117
+21 234
+4 234
+7 1518
fi=(4)
137 91
fi=(5)
298 182
fi=(4)
137 91
fi=(5)
298 91
fi=(4)
138 91
fi=(5)
298 182
fi=(4)
137 91
fi=(5)
298 283
fi=(4)
137 10
fi=(5)
298 20
fi=(4)
137 10
fi=(5)
298 10
fi=(4)
138 10
fi=(5)
298 20
fi=(4)
137 10
fi=(5)
298 1242
cfi=(6)
cfn=(164)
calls=101 716 
* 104695
* 404
+2 312
+3 109
-3 218
+3 327
+6 819
fe=(42)
177 10
+1 2
+2 4
+79 10
fi=(5)
82 6
+4 9
+14 3
-8 3
+8 6
+20 6
+11 12
417 300
fi=(4)
124 384
+19 8
+1 26
+1 21
+3 14
+4 14
-1 7
-3 7
+1 7
+1 7
-1 14
fi=(5)
298 28
+2 7
+3 7
-3 7
+3 21
470 14
+1 7
cob=(3)
cfi=(50)
cfn=(186)
calls=1 0 
* 15
cob=(3)
cfi=(49) /usr/src/debug/glibc-2.17-c758a686/time/../sysdeps/unix/sysv/linux/x86_64/gettimeofday.c
cfn=(184) gettimeofday
calls=1 30 
* 22
cob=(3)
cfi=(48)
cfn=(182)
calls=1 27 
* 8
cob=(3)
cfi=(44)
cfn=(180)
calls=1 120 
* 5
cob=(3)
cfi=(47)
cfn=(178)
calls=1 30 
* 5
cob=(3)
cfi=(45) /usr/src/debug/glibc-2.17-c758a686/time/../sysdeps/unix/sysv/linux/x86_64/time.c
cfn=(174) time
calls=1 36 
* 22
cob=(3)
cfi=(44)
cfn=(172)
calls=1 100 
* 5
+1 14
298 39
fi=(4)
129 26
fi=(5)
298 20
+91 39
+4 65
+5 65
-71 2
+1 3
453 9
+4 18
cfi=(18)
cfn=(46)
calls=3 61 
* 54
+2 9
+1 3
fi=(4)
108 3
fe=(42)
314 10
+1 5
+1 5
-1 5
-1 10
+2 5
+3 10
+1 15
cfi=(35)
cfn=(114)
calls=5 81 
* 25
* 10
fi=(5)
124 12
-2 6
298 14
fi=(4)
129 3
+31 8
+2 20
+8 10
+1 5
-1 5
+1 5
fi=(5)
+95 5
fi=(4)
-96 10
fi=(5)
+96 5
+21 10
+4 10
+7 135
cfi=(6)
cfn=(164)
calls=5 716 
* 5414
* 20
+2 15
+3 1
-3 2
+3 3
+6 35
417 15
fi=(4)
160 15
+14 5
fi=(5)
298 95
fe=(42)

fl=(10)
fn=(20)
28 18
+1 18
+1 18
+1 18
+2 10
+1 10
+2 10
+1 10
-1 29
+1 29
+1 38
+1 38
+1 38
+2 34
+5 17
+1 17
+1 17
+1 17
+3 17
-6 6
+1 6
+1 6
+1 6
+3 6
+1 19
+1 19
+1 19
+2 19
+3 15
+1 15
+1 15
+1 15
+3 15
+1 14
+1 14
+1 14
+2 14
+3 11
+1 11
+1 11
+1 11
+3 11
+1 7
+1 7
+1 7
+2 7
+3 7
+1 7
+1 7
+1 7
+3 7
+1 7
+1 7
+1 7
+2 8
+3 1
+2 1
+1 1
-3 16
+2 16
+1 16
+1 12
+2 12
+1 12
+1 11
+2 11
+1 11
+1 9
+2 9
+1 9
+1 5
+2 5
+2 5
+1 5
+1 4
+2 4
+1 4
+1 1
+2 1
+1 1
+3 18
+1 18

fl=(24)
fn=(66)
39 8
+2 1
-2 1
+3 1
-3 2
+3 1
-3 1
+2 3
+1 2
+9 1
-10 1
+10 2
+10 4
+42 1
+3 17
+1 1
-1 4
+30 2
+8 2
+2 3
+1 2
+1 2
+3 2
+7 1
-7 1
+1 1
+7 1
-1 1
+4 3
+1 1
-1 6
+1 1
+18 12
+1 4
cfi=(17)
cfn=(40)
calls=1 -89 
* 34
* 1
+1 1
-1 1
+1 4
+26 1
+3 1
-3 2
+3 1
+28 9
+1 2
-1 2
+1 6
-1 8
+5 6
+3 1
-3 1
+3 2
-3 1
+3 1
-3 2
+3 1
-3 1
+3 2
-3 1
+3 3
+1 12
+1 4
-1 4
+1 8
-2 4
+1 8
-1 14
+4 4
+3 1
+2 2
-1 1
-1 2
+2 10
+13 2
+1 1
-1 1
+3 2
-3 2
+1 1
-1 1
+3 2
+3 3
+3 9
-65 4
cfi=(18)
cfn=(68)
calls=1 61 
* 22
+1 2
-1 2
+1 1
cfi=(18)
cfn=(68)
calls=1 61 
* 22
* 4

fl=(19)
fn=(54)
134 676
+1 676
+1 676
+1 363
+1 363
+1 363
+1 363
cfn=(55) strcmp'2
calls=363 -6 
* 13990
+5 313
+1 313
+1 313
+1 313

fn=(55)
134 1954
+1 1954
+1 1954
+1 1747
+1 1747
+1 1747
+1 1747
cfn=(55)
calls=1591 -6 
* 65593
+2 156
+1 156
+2 207
+1 207
+1 207
+1 207

fl=(37) /usr/src/debug/glibc-2.17-c758a686/elf/dl-deps.c
fn=(126) openaux
60 10
+7 5
-4 15
+1 5
-1 5
+1 5
-1 25
cfi=(23)
cfn=(94)
calls=5 2094 
* 13535
* 5
+5 10

fn=(124) _dl_map_object_deps
147 1
+1 1
-1 2
+1 1
-1 1
+1 1
-1 1
+1 2
-1 4
+1 2
-1 1
+1 2
-1 1
+1 10
+15 1
-15 1
+16 1
-2 1
+1 1
-15 1
+16 1
+6 3
+10 1
-10 1
+10 3
-14 1
-4 1
+2 1
+17 1
-17 1
-2 2
+2 1
-2 1
+2 1
-2 1
+1 1
+1 1
+6 3
+10 1
-10 1
+10 3
-16 4
+20 1
+21 1
+1 1
-22 2
+19 1
-12 1
+15 1
-16 1
+13 1
347 9
215 1
+4 1
-8 1
+8 2
-4 4
+4 4
-8 4
+8 8
+12 15
+2 6
+6 3
-6 3
+6 3
+1 3
+4 3
-4 3
+1 3
+3 3
-6 3
+3 3
+3 9
-32 3
+32 6
+50 10
+1 9
-51 316
+1 158
+6 25
cfi=(25)
cfn=(70)
calls=5 40 
* 391
* 10
+5 25
-3 5
+3 5
cfi=(29) /usr/src/debug/glibc-2.17-c758a686/elf/dl-error.c
cfn=(86) _dl_catch_error
calls=5 -97 
* 13910
+2 15
+15 5
+2 10
+5 18
+6 3
+4 3
-10 6
+3 3
+1 3
+6 3
-5 3
+1 3
+4 3
-2 3
+2 6
-2 9
-57 8
-19 2
475 10
+2 9
+3 6
-1 3
cfi=(17)
cfn=(40)
calls=3 93 
* 102
* 3
+2 3
-2 3
+2 3
+3 3
+1 15
-1 3
+1 3
cfi=(18)
cfn=(46)
calls=3 61 
* 68
+1 15
cfi=(18)
cfn=(46)
calls=3 61 
* 68
+4 3
-1 3
+5 36
+3 12
-1 5
+1 10
204 1
501 6
+1 2
+3 6
+11 4
-1 1
cfi=(17)
cfn=(40)
calls=1 93 
* 34
* 1
+3 1
-3 1
+3 2
+5 7
+1 4
+2 11
+6 12
+4 4
-10 4
+10 4
-10 9
+6 3
+4 1
-10 1
+10 1
-10 3
+13 2
+53 4
+43 19
+1 2
-1 1
-1 1
+2 1
cfi=(36)
cfn=(116)
calls=1 30 
* 16
* 10
+11 1
-6 1
-1 1
+1 1
+6 2
-11 9
+11 3
-6 3
-1 3
+1 3
+6 9
+2 12
+1 6
-1 12
+1 9
+3 21
-1 30
+23 6
-28 12
+31 12
+3 30
cfi=(36)
cfn=(116)
calls=3 30 
* 30
* 17
219 10
+1 22
+2 3
+2 9
+2 22
+71 222
688 2
+2 1
+1 1
-1 1
+9 3
+3 2
+3 8
-42 3
-35 10
cfi=(18)
cfn=(46)
calls=1 61 
* 42
+2 4
226 26

fl=(30) /usr/src/debug////////glibc-2.17-c758a686/setjmp/../sysdeps/x86_64/setjmp.S
fn=(90) __sigsetjmp
26 6
+9 6
+1 12
+1 6
+4 6
+1 6
+1 6
+1 6
+1 6
+2 12
+2 6
+1 6
+1 6
+2 12
+2 6
+4 6
+1 6

fl=(11)
fn=(22)
34 4
+8 6
+4 2
+11 5

fl=(8)
fn=(14)
31 1
-3 1
+3 6
+8 1
-6 2
+7 1

fl=(29)
fn=(142) _dl_receive_error
197 10
+1 1
cfi=(2)
cfn=(88) _dl_initial_error_catch_tsd
calls=1 877 
* 2
+5 1
-1 1
-4 1
+9 1
+2 1
-3 1
+3 1
cfi=(2)
cfn=(144) version_check_doit
calls=1 736 
* 4528
+2 1
+1 1
+1 8

fn=(86)
159 42
+9 6
+2 6
cfi=(2)
cfn=(88)
calls=6 877 
* 12
* 6
+1 6
+2 12
-2 6
+2 6
cfi=(30)
cfn=(90)
calls=6 26 
* 120
+1 12
+2 12
+1 12
-1 6
+1 6
cfi=(37)
cfn=(126)
calls=5 60 
* 13620
cfi=(2)
cfn=(92) map_doit
calls=1 704 
* 2592
+1 6
+4 6
-4 6
+1 12
+1 12
+1 12
+10 24

fl=(38)
fn=(130)
36 8
-1 8
+1 8
+1 48
+4 2
-4 24

fl=(12) /usr/src/debug/glibc-2.17-c758a686/elf/dl-tunables.c
fn=(26) _dl_process_tunable_env_entries
37 1
-8 1
+8 1
+1 4
+4 95
+1 1
-1 4
+3 2
+12 46
-19 138
+22 2

fl=(22)
fn=(62)
81 4
+1 1

fl=(25)
fn=(70)
40 10
+1 10
+1 10
+1 10
+1 7
+1 7
+3 7
+1 7
+1 7
-2 30
+1 30
+1 30
+1 37
+1 37
+1 37
+1 37
+1 37
+9 10
+1 10
+1 10
+2 20
+32 10
+1 10
+1 10
+1 10
+2 10
+3 10
-8 2
+1 2
+1 2
+1 2
+2 2
+3 2
+1 12
+1 12
+1 12
+2 12
+5 11
+1 11
+1 11
+3 11
+1 10
+1 10
+1 10
+2 10
+3 6
+1 6
+1 6
+1 6
+2 6
+3 6
+1 6
+1 6
+1 6
+2 6
+5 6
+1 6
+1 6
+3 6
+1 6
+1 6
+1 6
+2 6
+2 3
+1 3
+1 3
+1 3
+2 3
+3 3
+1 3
+1 3
+1 3
+2 3
+5 3
+1 3
+1 3
+3 3
+1 3
+1 3
+1 3
+2 3
+2 3
+1 3
+1 3
+1 3
+2 3
+3 3
+1 3
+1 3
+1 3
+2 3
+5 3
+1 3
+1 3
+3 3
+1 3
+1 3
+1 3
+2 3
+4 9
+1 9
+11 1
+1 1
+1 1
+1 1
+47 1
+1 1

fl=(18)
fn=(46)
61 21
+2 21
+2 21
+3 21
+1 21
+2 6
+1 6
+2 6
+1 6
+5 6
+1 6
-1 15
+1 15
+2 2
+1 2
+2 2
+1 4
+5 2
+1 2
-1 19
+1 19
+2 3
+1 3
+2 3
+1 3
+5 3
+1 3
-1 18
+1 18
+2 11
+1 11
+2 11
+1 11
+5 11
+1 11
-1 10
+1 19
+5 9
+1 9
+1 9
+1 9
+2 9
+2 9
+1 9
+2 9
+8 21
+8 4
+6 4
+2 4
+1 4
+3 1
+1 3
+5 1
+1 1
+2 1
+2 1
+1 1
+2 1
-8 1
+1 1
+2 1
+2 1
+1 1
+2 3
+9 1
+1 1
-1 3
+1 3
+3 4
+1 4
+1 4
+5 4
+2 4
+1 4
+1 4
+1 4
+2 4
+1 4
+1 4
+1 4
+2 4
+1 4
+2 4
+2 3
+2 3
+1 3
+1 3
+1 3
+2 3
+1 3
+1 3
+1 3
+2 3
+1 3
+2 9
+5 3
+6 3
+1 3
-7 1
+6 1
+1 1

fn=(68)
61 32
+4 32
+3 32
+1 32
+2 13
+1 13
+2 13
+1 13
+5 13
+1 13
-1 19
+1 19
+2 19
+1 19
+2 19
+1 19
+5 19
+1 19
-1 13
+1 13
+2 12
+1 12
+2 12
+1 12
+5 12
+1 12
-1 20
+1 20
+2 18
+1 18
+2 18
+1 36
+5 18
+1 18
-1 14
+1 17
+5 3
+1 3
+1 3
+1 3
+2 3
+2 3
+1 3
+2 3
+6 32
+4 32
+12 1
+2 1
+1 1
+26 1
+1 1
+3 1
+1 1
+1 1
+5 1
+2 1
+1 1
+1 1
+1 1
+2 1
+1 1
+1 1
+1 1
+2 1
+1 1
+2 1
+2 1
+2 1
+1 1
+1 1
+1 1
+2 1
+1 1
+1 1
+1 1
+2 1
+1 1
+2 3
+5 1
+2 1

fl=(2)
fn=(2)
441 9
+18 4
fi=(3)
44 1
fe=(2)
459 1
fi=(5)
59 3
fi=(3)
-15 1
fe=(2)
488 1
-3 1
fi=(3)
44 1
+17 2
-3 1
-7 1
+5 1
+3 1
+2 1
-3 1
-3 1
-3 2
-5 28
+15 14
-18 42
+18 1
-18 3
+2 40
+5 24
+1 20
+10 5
-18 15
+25 2
+20 4
+1 4
+1 4
+1 4
+2 4
+5 4
+1 4
+1 4
fe=(2)
621 34
fi=(4)
111 1
-28 1
+28 2
fi=(5)
497 3
fi=(4)
111 2
fi=(5)
497 1
fi=(4)
111 1
fi=(5)
497 27
fi=(4)
111 18
fi=(5)
497 9
fi=(4)
111 9
+13 1
fi=(5)
309 1
fi=(4)
124 2
+13 1
+2 2
-2 1
fi=(5)
263 1
fi=(4)
137 1
fi=(5)
291 1
fi=(4)
137 2
fi=(5)
291 1
fi=(4)
137 7
+2 14
-2 7
fi=(5)
263 7
fi=(4)
137 7
fi=(5)
291 7
fi=(4)
137 14
fi=(5)
291 7
+9 16
+3 8
-3 16
+3 24
+6 48
fi=(3)
53 4
+3 4
+3 4
+1 1
+1 2
fe=(2)
378 1
623 1
378 1
cfi=(6)
cfn=(10)
calls=1 865 
* 23
+1 2
+1 2
+1 2
+1 2
+20 1
+9 1
-9 3
+9 1
-6 1
-3 1
+9 1
cfi=(7)
cfn=(12)
calls=1 86 
* 161029
* 1
+9 4
+3 1
+4 1
-4 1
+4 1
648 9
fi=(5)
398 8
+9 8
fi=(4)
124 25
fe=(2)

fn=(152) init_tls
803 1
-1 1
-6 1
+2 2
+4 1
+10 2
-4 1
+4 2
cfi=(17)
cfn=(36)
calls=1 102 
* 43
* 1
-1 1
+6 1
-9 1
+11 1
+6 1
-1 1
+1 12
+2 10
+4 1
+2 1
-2 2
-5 10
+12 1
cfi=(27)
cfn=(154)
calls=1 144 
* 56
+7 1
cfi=(27)
cfn=(156)
calls=1 349 
* 455
+1 1
-1 1
+1 1
+6 1
+8 1
-8 1
+8 6
+4 2
+3 2

fn=(88)
877 14

fn=(144)
736 2
+2 4
cfi=(41)
cfn=(146)
calls=1 381 
* 4518
* 2
+4 2

fn=(24)
1005 10
+19 1
2598 1
1005 1
2598 1
1005 1
+19 1
+3 1
-22 2
+22 1
+4 2
+1 2
+5 2
2591 2
+7 1
-5 1
+5 4
+5 1
cfi=(12)
cfn=(26)
calls=1 37 
* 295
* 1
-9 4
+11 2
cfi=(13)
cfn=(28)
calls=1 30 
* 182
* 4
cfi=(13)
cfn=(28)
calls=2 30 
* 130
* 9
+4 48
+1 19
-1 57
+3 4
+6 16
2766 3
+30 3
1045 2
-2 1
+2 1
1241 7
cfi=(15)
cfn=(32)
calls=1 62 
* 244
* 1
+3 1
+1 1
+5 2
-5 1
+1 1
1014 1
1246 1
+4 1
cfi=(15)
cfn=(48)
calls=1 33 
* 34
* 3
+30 1
-3 1
-5 1
+1 1
+2 1
+5 6
+56 2
1011 1
1336 2
-55 24
-1 27
+1 47
-1 2
1383 3
+3 2
+2 2
+2 2
+13 2
+1 8
cfi=(19)
cfn=(54)
calls=1 134 
* 7
* 3
+11 1
-4 1
+1 1
-3 1
+6 1
+6 2
fi=(3)
29 1
+9 2
+6 1
-2 1
+2 2
+7 1
+5 1
+3 1
+2 1
-3 1
-3 1
-3 14
+10 3
-18 9
+8 21
+10 21
-18 63
+2 48
+5 12
+18 3
+67 3
+14 3
+18 2
fe=(2)
1426 2
cfi=(6)
cfn=(10)
calls=1 865 
* 14
+3 2
fi=(20) /usr/src/debug/glibc-2.17-c758a686/elf/setup-vdso.h
24 2
fe=(2)
1451 1
cfi=(21)
cfn=(60)
calls=1 45 
* 93
* 8
1285 3
+1 1
+90 2
+1 2
+1 1
-6 2
+1 1
-37 2
-1 2
+1 4
-1 2
+2 4
+1 1
+3 2
+1 2
-1 2
+1 2
+1 2
+1 6
+1 2
-45 1
+9 1
-9 1
+9 1
-7 1
+25 1
-25 1
-3 1
+10 1
-19 3
+1 1
2693 4
+1 4
cfi=(14)
cfn=(30)
calls=1 319 
* 120
* 2
+2 3
-57 4
cfi=(14)
cfn=(30)
calls=1 319 
* 26
* 2
+7 4
cfi=(14)
cfn=(30)
calls=1 319 
* 80
* 2
+2 3
1456 2
cfi=(23)
cfn=(64)
calls=1 710 
* 1968
+3 3
cfi=(26)
cfn=(76)
calls=1 51 
* 17
+7 1
-7 1
+2 1
+5 1
+3 3
+1 1
+3 1
-3 3
+1 2
+3 1
+5 1
-7 1
+7 1
+1 5
+4 1
+4 1
-2 4
+1 2
+1 3
+5 2
+1 6
+2 2
+1 2
+5 2
+6 4
+1 2
-2 1
1020 1
1688 1
cfi=(27)
cfn=(78)
calls=1 111 
* 4
* 1
+8 3
+3 2
+4 3
+7 1
+4 3
+19 3
+16 3
cfi=(32)
cfn=(122)
calls=1 81 
* 9
* 2
+77 4
+17 3
+1 1
-1 1
+1 2
-1 1
+1 5
cfi=(37)
cfn=(124)
calls=1 147 
* 16342
+1 1
+5 1
-5 3
+2 2
+3 4
+1 4
-1 2
+1 16
-1 8
+4 3
+1 3
+1 1
+2 2
+1 5
-1 5
+1 6
-1 9
-28 11
168 2
1872 1
-1 2
+1 1
+2 1
+2 3
+2 1
-4 1
+4 2
+15 2
+1 3
+13 1
-2 1
+2 1
-2 1
+2 1
-1 1
-1 2
+2 1
cfi=(29)
cfn=(142)
calls=1 197 
* 4558
+10 1
+1 1
-1 1
+1 1
+1 1
cfn=(152)
calls=1 803 
* 626
* 1
+2 2
932 1
fi=(115) /usr/src/debug/glibc-2.17-c758a686/elf/../sysdeps/unix/sysv/linux/dl-osinfo.h
86 2
fe=(2)
934 1
fi=(115)
112 1
fe=(2)
943 1
+7 1
-5 1
1926 2
2159 3
+56 1
+4 1
+7 1
-11 1
+4 3
+4 2
+3 1
+8 2
+99 4
+2 1
+5 2
cfi=(27)
cfn=(214)
calls=1 443 
* 254
+4 2
+16 2
+29 1
cfi=(7)
cfn=(216)
calls=1 251 
* 1
+4 3
+20 3
cfi=(26)
cfn=(76)
calls=1 51 
* 8
+1 1
-1 1
+2 1
cfi=(26)
cfn=(80)
calls=1 75 
* 1
+1 1
+4 1
cfi=(39)
cfn=(218)
calls=1 316 
* 15
+5 8
1445 3
1735 3
+1 1
-1 2
+1 1
cfn=(82) handle_ld_preload
calls=1 970 
* 3602
* 1
+1 4
+2 3
-31 2
+1 1
cfi=(26)
cfn=(80)
calls=1 75 
* 1
* 1
2360 2
+15 1
+3 1
-3 1
+3 1
-3 2
+3 2
-3 1
+2 1
+1 1
cfi=(42)
cfn=(158)
calls=1 148 
* 9195
+1 4
+2 3
2209 1
1013 2
1869 2
2280 3
+7 1
+2 11
+2 1
+2 15
+5 10
+2 10
+8 5
-2 5
+2 10
+1 32
cfi=(42)
cfn=(158)
calls=4 148 
* 121391
+4 17
-22 14
+25 4
+2 1
+6 1
-6 1
+6 1
1830 6
+1 1
-1 2
+4 1
+1 1
-1 1
+2 2
2302 1
+1 1
-3 2
+14 2
cfi=(27)
cfn=(188)
calls=1 879 
* 24
* 1

fn=(50)
917 12

fn=(52)
923 12

fn=(92)
704 2
+2 7
cfi=(23)
cfn=(94)
calls=1 2094 
* 2580
* 1
+2 2

fn=(82)
970 9
+1 1
-76 1
+86 1
-11 2
-75 6
+80 3
fi=(28) /usr/src/debug/glibc-2.17-c758a686/elf/../string/bits/string2.h
+9 3
+1 5
-1 264
+1 132
+1 66
-2 66
+2 66
-2 199
+2 1
-2 3
fe=(2)
-5 3
+10 4
108 3
992 2
890 1
+5 5
-10 1
+4 1
+1 1
+1 1
+2 1
+2 1
cfi=(29)
cfn=(86)
calls=1 159 
* 2650
+1 2
+8 3
+89 1
-18 3
+21 9
-15 4
cfi=(18)
cfn=(46)
calls=1 61 
* 74
* 1
+1 3

fl=(34)
fn=(112)
32 11
+1 11
-1 99
+1 27
+1 110
+2 77
-3 26

fl=(35)
fn=(114)
81 32
+1 8

fn=(220)
81 4
+1 1

fl=(17)
fn=(74)
340 3
+1 6
+4 64
+7 156
-2 106
+4 2
+6 26
-15 79
+18 1
+4 1
-4 1
+4 2
-11 2
+1 1

fn=(44)
51 108
+1 133
+11 26
+1 26
-1 26
+3 26
-3 26
+3 52
-3 1
+1 1
-1 1
+3 1
-3 1
+3 98
+4 12
+1 9
+6 21
cfi=(34)
cfn=(112)
calls=3 -45 
* 99
+2 15
+4 9
+3 3
+1 3
+2 15
-3 24
+1 24
+2 192
-31 3
+1 1
-2 3

fn=(36)
102 10
+7 30
-3 10
+3 20
+4 10
cfn=(40)
calls=10 -20 
* 441
* 10

fn=(40)
93 26
+1 52
cfn=(44)
calls=26 -43 
* 881
* 26

fl=(14)
fn=(30)
319 17
+3 17
-3 85
+4 17
-4 17
+7 34
+4 15
+2 1
+1 1
+1 1
+1 1
+2 2
-5 1
+1 1
+1 1
+1 1
+2 2
+2 2
-9 6
+16 5
+1 10
-1 10
133 14
-18 6
350 4
+4 3
+2 3
-2 6
+1 3
+5 30
+2 13
+1 13
+1 13
+3 143
-3 81
-2 81
+1 81
+4 162
-7 182
+12 12
+1 136
232 3
-7 3
+1 3
+4 3
+2 3
-6 3
+4 3
+2 15
-95 2
+1 2
+1 2
+1 2
+1 2
+48 2
-2 2
+1 2
+1 14
-80 2
+1 4
+4 4
-5 8
+1 16
+4 18
238 3
+2 3
-4 3
+1 3
+4 3
-2 3
+56 6
-2 3
+2 6
-1 3
+1 6
+1 6
+12 18
+1 6
-6 6

fl=(71)
fn=(282)
68 28
+6 28
-6 14
+3 14
-1 14
+1 14
+3 14
+1 14
-1 28
+1 42
+1 14
-1 14
+1 28
+9 28
+4 42
+4 26
+1 52
+2 52
+7 42
-1 14
+11 126
cfi=(6)
cfn=(164)
calls=14 716 
* 16236
* 14
+4 42
+10 84
+16 14
-8 14
+8 42
+4 42
fi=(5)
+85 14
fe=(71)
-81 42
-64 2
fi=(102) /usr/src/debug/glibc-2.17-c758a686/elf/../sysdeps/x86_64/dl-irel.h
-55 1
cob=(3)
cfi=(103) /usr/src/debug////////glibc-2.17-c758a686/string/../sysdeps/x86_64/multiarch/memcpy.S
cfn=(474) memcpy@@GLIBC_2.14
calls=1 * 
* 11
* 1
fe=(71)

ob=(4)
fl=(53)
fn=(194)
25 1
+1 1
+1 1
+1 1
+2 1

fl=(57)
fn=(202)
10 5

fn=(208)
16 5

fl=(54)
fn=(196)
8 5

fl=(59)
fn=(206)
25 1
+1 1
+1 1
+1 1
+2 1

fl=(52)
fn=(192)
20 8

fl=(58)
fn=(204)
25 1
+1 1
+1 1
+1 1
+2 1

fl=(51)
fn=(190)
15 8

fl=(56)
fn=(200)
25 1
+1 1
+1 1
+1 1
+2 1

fl=(55)
fn=(210)
0 8

fn=(198)
0 8

fn=(262)
0 16

fn=(634) 0x0000000000005620
0 9

fn=(624)
0 8
cob=(2)
cfi=(16)
cfn=(630) 0x0000000004c2b308
calls=1 0 
0 54
0 1
cfn=(634)
calls=1 0 
0 9
0 3

fn=(212)
0 8

ob=(5)
fl=(61)
fn=(598)
0 8
cob=(1)
cfi=(70)
cfn=(281)
calls=1 71 
0 1089
0 5
0 1
cfn=(616) 0x0000000000000570
calls=1 0 
0 9
0 3

fn=(616)
0 9

fn=(230)
0 17

ob=(6)
fl=(77)
fn=(312)
12 5
+4 1
-4 2
+2 1
+2 1
cfi=(69)
cfn=(314) Seq_new
calls=1 -16 
* 61030
+1 1
-1 1
+1 1
+2 2
cfi=(69)
cfn=(314)
calls=1 -19 
* 504
+1 1
-1 1
+1 1
+4 5
cfi=(86) /h/jfacul01/comp40/HW6/UM/HW7/seg_zero.c
cfn=(354) get_instructions
calls=1 +1 
* 8806384
+2 4
cfi=(101) /h/jfacul01/comp40/HW6/UM/HW7/instructions.c
cfn=(450) execute_instructions
calls=1 251 
* 163597230898

fl=(86)
fn=(400) load_instructions
58 10
+5 1
-5 2
+5 4
+5 2
cob=(1)
cfi=(70)
cfn=(281)
calls=1 +3 
* 1538
* 5
-5 22840
+5 22840
cob=(3)
cfi=(95)
cfn=(406)
calls=11420 -32 
* 423315
* 11420
* 68526
cob=(3)
cfi=(95)
cfn=(406)
calls=34263 -32 
* 1267731
* 34263
+1 274104
cfi=(100) /h/jfacul01/comp40/HW6/UM/HW7/bitpack.c
cfn=(438) Bitpack_news
calls=45684 +40 
* 6201603
-3 45684
+3 91368
-3 45684
+7 22842
-10 11421
+10 11421
cfi=(69)
cfn=(446) UArray_at
calls=11421 -73 
* 205578
-10 11421
+11 11421
-11 11421
+14 2
+1 7
-1 1
cfi=(69)
cfn=(448) Seq_addhi
calls=1 -77 
* 25

fn=(354)
25 7
+2 2
+1 3
cob=(1)
cfi=(70)
cfn=(281)
calls=1 +43 
* 1719
* 5
+1 1
-1 1
+1 1
+3 2
cob=(1)
cfi=(70)
cfn=(281)
calls=1 +39 
* 1289
* 5
fi=(93) /usr/include/sys/stat.h
456 4
cob=(1)
cfi=(70)
cfn=(281)
calls=1 71 
* 1298
* 5
fe=(86)
35 1
+1 1
-1 1
+1 1
+4 1
-4 1
+4 3
+6 3
cfi=(69)
cfn=(398) UArray_new
calls=1 -46 
* 5520
+2 5
cfn=(400)
calls=1 +10 
* 8796500
+1 5

fl=(69)
fn=(352) UArrayRep_init
0 1051049010

fn=(454) UArray_length
0 619648372

fn=(590) 0x0000000000400be0
0 9

fn=(272)
0 11
cob=(1)
cfi=(70)
cfn=(280)
calls=1 71 
0 163606100581
0 5

fn=(496) expand
0 105
cfn=(498) UArray_resize
calls=15 0 
0 1485621
0 105

fn=(314)
0 22
cfn=(316) Mem_calloc
calls=2 0 
0 59760
0 12
cfn=(346) Mem_alloc
calls=2 0 
0 1654
0 10
cfn=(352)
calls=2 0 
0 60
0 16

fn=(464) Seq_length
0 245848344

fn=(292)
0 16
cob=(2)
cfi=(16)
cfn=(294) 0x0000000000400998
calls=1 0 
0 6
0 7
cfn=(298) 0x0000000000400c90
calls=1 0 
0 17
0 11

fn=(544) Seq_free
0 18
cfn=(480) UArray_free
calls=2 0 
0 309

fn=(586)
0 5
cfn=(590)
calls=1 0 
0 9
0 3

fn=(478) Seq_put
0 1960760732

fn=(480)
0 385384637
cfn=(482) Mem_free
calls=35034967 0 
0 3259850981
0 175174835
cfn=(482)
calls=35034967 0 
0 3258251903
0 105104901

fn=(494) Seq_remhi
0 631020564

fn=(446)
0 17546249412

fn=(466) UArray_copy
0 12
cfn=(398)
calls=1 0 
0 14270
0 12
cob=(1)
cfi=(70)
cfn=(281)
calls=1 71 
0 24815
0 5
0 5

fn=(298)
0 17

fn=(498)
0 300
cfn=(500) Mem_resize
calls=15 0 
0 1485231
0 90

fn=(500)
0 240
cob=(3)
cfi=(78)
cfn=(506)
calls=14 2958 
0 1476203
cob=(1)
cfi=(70)
cfn=(281)
calls=1 71 
0 8649
0 19
0 120

fn=(316)
0 560559472
cob=(3)
cfi=(78)
cfn=(322)
calls=35034966 3183 
0 4668009362
cob=(1)
cfi=(70)
cfn=(281)
calls=1 71 
0 59482
0 35034971
0 280279736

fn=(346)
0 385384637
cob=(3)
cfi=(78)
cfn=(330)
calls=35034966 2888 
0 3401328947
cob=(1)
cfi=(70)
cfn=(281)
calls=1 71 
0 1436
0 35034971
0 245244769

fn=(482)
0 210209802
cob=(3)
cfi=(78)
cfn=(488)
calls=70069933 2924 
0 6237821751
cob=(1)
cfi=(70)
cfn=(281)
calls=1 71 
0 1393
0 70069938

fn=(398)
0 350349650
cfn=(346)
calls=35034965 0 
0 4066993106
0 280279720
cfn=(316)
calls=35034965 0 
0 5543883263
0 175174825
cfn=(352)
calls=35034965 0 
0 1051048950
0 210209790

fn=(448)
0 876417480
cfn=(496)
calls=15 0 
0 1485831
0 45

fn=(452) Seq_get
0 24455932407

fl=(100)
fn=(440) Bitpack_fitss.part.0
55 182736
+4 91368
-39 91368
+1 91368
+3 319788
+38 228420

fn=(444) Bitpack_newu
97 182736
+1 45684
-1 182736
+2 45684
-2 45684
+2 45684
-33 91368
-44 45684
+11 91368
+3 137052
-12 91368
+79 91368
-83 91368
+14 45684
-13 45684
+3 68526
+12 102789
+66 137052
+3 34263
-3 34263
+3 171315
-3 45684
+3 11421
-3 11421
+3 57105
-5 274104

fn=(438)
109 411156
-52 91368
+56 182736
cfn=(442) Bitpack_getu
calls=45684 -27 
* 1644624
+1 45684
-1 182736
+1 182736
-1 45684
cfn=(444)
calls=45684 -16 
* 2227095
* 91368
cfn=(440)
calls=45684 -58 
* 1005048
-3 91368

fn=(442)
86 228420
+1 45684
-1 91368
+2 91368
+2 182736
-70 45684
+70 91368
-70 45684
+2 45684
-1 45684
+3 137052
+8 91368
+2 45684
-1 45684
+3 137052
+56 274104

fl=(101)
fn=(492) unmap_segment
166 175122255
+2 35024451
-2 140097804
+2 35024451
cob=(3)
cfi=(78)
cfn=(330)
calls=35024451 2888 
* 3397374861
* 35024451
+1 105073353
+2 70048902
-1 70048902
+1 35024451
cfi=(69)
cfn=(448)
calls=35024451 0 
* 877025041
+3 140097804
cfi=(69)
cfn=(478)
calls=35024451 0 
* 980684628
+1 35024451
-1 35024451
+1 35024451
cfi=(69)
cfn=(480)
calls=35024451 0 
* 7180011495
+1 210146706

fn=(572) halt
119 1
+1 2
cob=(1)
cfi=(70)
cfn=(281)
calls=1 -49 
* 3434
* 5

fn=(450)
251 10
+4 2
-4 1
+2 4
+2 1
cfi=(69)
cfn=(452)
calls=1 0 
* 23
* 3
cfi=(69)
cfn=(446)
calls=1 0 
* 18
+4 2
-4 1
+4 1
cfi=(69)
cfn=(452)
calls=1 0 
* 23
* 2
cfi=(69)
cfn=(454)
calls=1 0 
* 7
+13 5
+5 1
-2 1
+2 2113497562
-2 2113497560
+2 4226995120
+3 4226995122
+6 2113497561
+9 2113497561
-9 2113497561
+8 2113497561
-8 2113497561
+8 2113497561
+2 1304627711
-1 1304627711
+2 1304627711
-1 1304627711
-1 1304627711
+2 1304627711
-1 1304627711
-5 1304627711
+11 2609255422
+3 6836250544
+29 442605970
cfn=(456) load_program
calls=88521194 218 
* 442646681
+1 88521194
+4 177042388
-4 88521194
+4 88521194
cfi=(69)
cfn=(452)
calls=88521194 0 
* 2035987462
-1 177042388
cfi=(69)
cfn=(454)
calls=88521194 0 
* 619648358
+4 177042388
-4 88521194
+4 88521194
cfi=(69)
cfn=(452)
calls=88521194 0 
* 2035987462
-1 265563582
cfi=(69)
cfn=(446)
calls=88521194 0 
* 1593381492
* 177042388
-69 4226995120
-86 2400
fi=(107) /usr/include/bits/stdio.h
81 9600
cob=(3)
cfi=(106)
cfn=(522)
calls=2399 -54 
* 226828
cob=(1)
cfi=(70)
cfn=(281)
calls=1 -10 
* 1636
* 2404
* 2400
fe=(101)
328 140097804
+1 35024451
-1 35024451
cfn=(492)
calls=35024451 166 
* 13590902908
+1 35024451
-3 175174815
+1 35034963
-1 35034963
cfn=(462) map_segment
calls=35034963 131 
* 18190820126
+1 35034963
-5 3
cfn=(542) free_instructions
calls=1 +36 
* 7610211
+1 3
cob=(1)
cfi=(70)
cfn=(281)
calls=1 71 
* 1828
* 5
+1 2
cfn=(572)
calls=1 119 
* 3442
109 953011845
-12 41798439
-12 20787120
-12 632366664
310 2012763310
+1 402552662
-1 402552662
cfn=(458) segmented_store
calls=402552662 54 
* 24958265044
+1 402552662
-3 2418531780
+1 483706356
-1 483706356
cfn=(460) segmented_load
calls=483706356 38 
* 29989794072
+1 483706356
26 338034925
+1 302407500
240 3235479400
+59 808869850
+1 808869850
-10 808869850
+9 808869850
+1 808869850
-11 1617739700

fn=(542)
358 3
+1 2
cfi=(69)
cfn=(464)
calls=1 0 
* 7
* 43468
cfi=(69)
cfn=(464)
calls=21734 0 
* 152138
* 43470
+1 64494
cfi=(69)
cfn=(494)
calls=32247 0 
* 580446
+1 32247
-1 32247
+1 32247
+1 21026
cfi=(69)
cfn=(480)
calls=10513 0 
* 3753944
-3 21026
cfi=(69)
cfn=(464)
calls=10513 0 
* 73591
* 21026
+6 2
cfi=(69)
cfn=(464)
calls=1 0 
* 7
* 3
+1 2
cfi=(69)
cfn=(494)
calls=1 0 
* 18
* 43466
cfi=(69)
cfn=(494)
calls=21733 0 
* 391194
+1 43468
-2 43468
cfi=(69)
cfn=(464)
calls=21734 0 
* 152138
* 43468
+7 2
cfi=(69)
cfn=(544)
calls=1 0 
* 167
+1 2
cfi=(69)
cfn=(544)
calls=1 0 
* 160
+2 2
-7 43468
cob=(3)
cfi=(78)
cfn=(488)
calls=21734 2924 
* 1934326
* 21734
* 21734

fn=(456)
218 354084776
+11 88521193
-12 3
+4 2
-4 1
+4 1
cfi=(69)
cfn=(452)
calls=1 0 
* 23
* 1
+1 2
cfi=(69)
cfn=(454)
calls=1 0 
* 7
* 3
cfi=(69)
cfn=(466)
calls=1 0 
* 39119
+2 2
+2 4
cfi=(69)
cfn=(478)
calls=1 0 
* 28
+1 1
-1 1
+1 1
cfi=(69)
cfn=(480)
calls=1 0 
* 1509
+2 4

fn=(460)
38 483706356
+2 483706356
-2 1934825424
+2 483706356
-2 967412712
+3 483706356
+4 483706356
-5 483706356
cfi=(69)
cfn=(452)
calls=483706356 -40 
* 11125246188
+4 1451119068
cfi=(69)
cfn=(446)
calls=483706356 -44 
* 8706714408
+1 967412712
+1 1934825424

fn=(458)
54 402552662
+2 402552662
-2 1610210648
+2 402552662
-2 805105324
+3 402552662
+4 402552662
-5 402552662
cfi=(69)
cfn=(452)
calls=402552662 -56 
* 9258711226
+4 1207657986
cfi=(69)
cfn=(446)
calls=402552662 -60 
* 7245947916
+1 805105324
+1 1610210648

fn=(462)
131 70069926
+3 35034963
-3 175174815
+4 35034963
-4 105104889
+4 70069926
cfi=(69)
cfn=(398)
calls=35034963 0 
* 11677919514
+1 35034963
-1 35034963
+1 35034963
+3 70069926
cfi=(69)
cfn=(464)
calls=35034963 0 
* 245244741
* 70069926
+2 35002717
+2 35002717
-2 35002717
cfi=(69)
cfn=(494)
calls=35002717 0 
* 630048906
+1 35002717
-1 35002717
+1 105008151
cfi=(69)
cfn=(478)
calls=35002717 0 
* 980076076
* 35002717
+1 35002717
+3 35002717
-3 35002717
+3 35002717
cob=(3)
cfi=(78)
cfn=(488)
calls=35002717 2924 
* 3115146473
* 35002717
+1 70005434
+9 245019019
-3 64492
+1 32246
-1 32246
cfi=(69)
cfn=(448)
calls=32246 0 
* 878290
+1 64492
cfi=(69)
cfn=(464)
calls=32246 0 
* 225722
* 64492
+2 225722

ob=(3)
fl=(104)
fn=(476)
1650 980
+1 980
+1 980
+1 980
+1 980
+1 980
+1 980
+1 980
+1 980
+1 980
+1 980
+1 980
+1 980
+1 980
+1 980
+1 980
+1 980
+1 980
+1 980
+1 980
+1 980
+1 980
+1 980
+1 980
+2 1
+1 1
+1 1
+1 1
+1 4
2262 1
+1 1
+2 1
+1 1
+2 1
+1 1
+2 1
+1 1
+2 1
+1 1
+2 1
+1 1
+2 1
+1 1
+2 1

fl=(113)
fn=(612)
36 2
-8 4
+11 4
+82 4

fl=(88)
fn=(408)
364 24
+2 19
+6 30
+3 12
+2 12
+6 12
+7 6
fi=(99)
957 18
+2 12
+1 12
fe=(88)
390 6
+1 6
-1 6
+1 12
-1 6
cfn=(410) _IO_default_uflow
calls=6 +45 
* 852
-24 10
+22 18

fn=(424)
400 15
+1 14
+3 3
+2 12
-3 3
+3 6
+3 12
-7 7
cfi=(108)
cfn=(546)
calls=1 81 
* 5
* 4

fn=(414)
415 6
+1 2
-1 2
+1 2
+6 8
-4 6
+1 2
fi=(99)
957 6
+2 4
+1 4
fe=(88)
419 4
cfi=(96) /usr/src/debug/glibc-2.17-c758a686/libio/filedoalloc.c
cfn=(416) _IO_file_doallocate
calls=2 96 
* 249
* 4

fn=(568)
689 2
+2 3
+6 3
+3 3
+6 1
+6 1
-6 1
cfn=(554)
calls=1 61 
* 10

fn=(372)
100 8
+1 6
+4 1
-2 2
+2 5
+1 10
+2 1
-2 1
+1 1
+1 1
-2 1
+2 1
-2 1
+2 14
+2 1
-2 1
+4 1
+2 1
-3 1
-1 1
+4 7
+2 1
-1 1
+1 8
+1 2
+3 8
-6 7

fn=(428)
183 24
+1 18
+3 18
+5 6
-1 12
+1 6
+7 6
-4 6
+2 12
+2 6
+1 6
+1 24

fn=(642) _IO_cleanup
1013 1
+3 1
-3 6
+3 1
cfn=(644) _IO_flush_all_lockp
calls=1 825 
* 92
-63 1
+63 1
-63 2
fi=(99)
+4 2
fe=(88)
+8 1
fi=(99)
-8 2
fe=(88)
-2 9
+2 2
-1 4
+3 4
+6 16
+8 5
+10 1
fi=(99)
-24 2
+1 2
fe=(88)
+23 4
cfi=(89)
cfn=(650)
calls=1 468 
* 82
+3 2
+7 3
-40 9
+75 9
-53 1
+4 1
-4 1
+2 1
+1 1
+1 1
-2 1
+3 4
+6 3
+1 8

fn=(368) _IO_old_init
633 1
-16 1
+1 1
+15 1
+5 1
-21 1
+2 1
+1 1
+1 1
+17 1
-16 1
+1 1
+1 1
+1 1
+1 1
+1 1
+2 1
+1 1
+1 1
+1 1
+6 1
+1 4

fn=(652)
558 1
fi=(99)
957 2
fe=(88)
558 2
fi=(99)
957 1
fe=(88)
558 5
+1 1
fi=(99)
959 2
+1 2
fe=(88)
559 2
cfi=(89)
cfn=(654)
calls=1 893 
* 17
* 2
+9 1
-7 1
+7 1
-7 1
401 1
563 1
+1 1
-1 1
+1 1
401 4
+7 1
-5 1
+1 1
+4 1
571 2
+2 1
-2 1
+1 3
+2 6

fn=(366) _IO_no_init
650 9
+1 1
cfn=(368)
calls=1 -18 
* 25
+3 1
-2 1
+2 1
+2 1
+1 1
+1 1
+1 1
+1 1
+1 1
+1 1
+1 1
+1 1
+1 1
+1 1
+1 1
+2 1
+3 1
+1 6

fn=(554)
61 12
+1 6
+4 6
+1 10
+2 1
-2 1
+1 1
+1 19
+2 3
+2 2
+13 1
+2 1
-2 1
+2 4
+2 1
-1 1
+1 6
+1 2
+3 12
-6 6
-13 1
+1 1
-1 2

fn=(644)
825 8
+6 3
+6 1
-11 1
+10 1
+2 2
fi=(99)
957 2
fe=(88)
842 1
fi=(99)
957 2
fe=(88)
841 3
-1 3
+1 3
+3 9
+10 6
+4 3
-2 3
+2 6
+7 3
-27 6
+31 2
+2 3
+4 9
-31 12

fn=(410)
435 6
fi=(99)
957 12
fe=(88)
435 6
fi=(99)
957 6
fe=(88)
435 12
+1 6
fi=(99)
959 12
+1 12
fe=(88)
436 12
cfi=(89)
cfn=(412)
calls=6 559 
* 708
+1 12
+2 24
+1 24

fn=(524)
240 4800
+2 7200
+1 1
+1 1
fi=(99)
957 3
+2 2
+1 2
fe=(88)
244 2399
fi=(99)
957 7197
+2 4798
+1 4798
fe=(88)
244 2400
+1 4800
-1 2400
cfi=(89)
cfn=(526)
calls=2400 831 
* 90302

fn=(558)
1122 1
+2 1
-2 1
+2 1
+19 3
+2 2

fl=(81) /usr/src/debug/glibc-2.17-c758a686/elf/dl-addr.c
fn=(328) _dl_addr
126 9
+5 1
-5 2
+5 2
cob=(1)
cfi=(2)
cfn=(50)
calls=1 917 
* 2
+3 6
+1 4
+1 20
+1 2
30 1
+1 1
-1 1
+4 2
+5 1
+6 1
-7 1
+2 2
+2 1
-2 1
+2 1
+3 1
+5 7
+2 1
+1 2
-1 1010
+1 2020
+2 4961
+6 11170
+2 8936
+1 16325
+7 2234
-2 2234
+2 5479
-21 2022
+49 3
+1 1
+1 3
+3 2
+41 3
cob=(1)
cfi=(2)
cfn=(52)
calls=1 923 
* 2
+3 9
-13 9
-19 1
+1 1
+23 2

fl=(80) /usr/src/debug/glibc-2.17-c758a686/malloc/arena.c
fn=(326) ptmalloc_init.part.7
383 6
+11 1
-8 1
+8 1
+7 3
+2 5
+16 2
-71 92
+16 46
-18 141
464 2
+5 2
+1 2
+2 1
+1 7
-78 5
cfi=(81)
cfn=(328)
calls=1 126 
* 56499
* 2
+1 4
-47 12
+1 6

fl=(74)
fn=(306)
33 1
+2 1
cfi=(75)
cfn=(308)
calls=1 -9 
* 28

fl=(109) /usr/src/debug/glibc-2.17-c758a686/libio/iofclose.c
fn=(552) fclose@@GLIBC_2.2.5
40 3
+14 1
-14 1
+14 3
+3 18
+4 3
-3 2
fi=(99)
885 2
+1 3
fe=(109)
63 1
fi=(99)
957 3
+2 2
+1 2
fe=(109)
63 3
cfi=(89)
cfn=(566)
calls=1 211 
* 36
+1 3
+18 6
+2 1
+1 2
cob=(2)
cfi=(16)
cfn=(570) 0x0000000004f478c8
calls=1 -85 
* 149
+4 5
-10 2
-24 1
cfi=(88)
cfn=(554)
calls=1 +6 
* 80
* 3
+4 2
cfi=(89)
cfn=(556)
calls=1 167 
* 120
* 3
fi=(99)
886 6
fe=(109)

fl=(46)
fn=(176)
27 4
-1 4
+1 4
+4 8
-3 8

fl=(110) /usr/src/debug/glibc-2.17-c758a686/stdlib/exit.c
fn=(578) exit
98 2
+1 2
-1 1
+1 1
cfn=(580) __run_exit_handlers
calls=1 -63 
* 2233

fn=(580)
36 9
+5 6
+4 3
-4 3
+4 3
+3 1
-1 1
+2 5
+33 1
+1 1
-1 1
+1 1
+6 2
+1 5
cfi=(88)
cfn=(642)
calls=1 1013 
* 286
* 3
+2 2
cfi=(114)
cfn=(656)
calls=1 -64 
* 5
-19 1
+4 2
-2 2
+2 1
cob=(1)
cfi=(111)
cfn=(582)
calls=1 +55 
* 1888
+1 1

fl=(87) /usr/src/debug/glibc-2.17-c758a686/libio/iofopen.c
fn=(362) __fopen_internal
65 6
+8 1
-8 2
+8 1
cob=(2)
cfi=(16)
cfn=(364) 0x0000000004f478c0
calls=1 -73 
* 177
+2 1
-2 1
+2 1
+3 1
+3 5
-3 1
+3 1
cfi=(88)
cfn=(366)
calls=1 650 
* 58
+4 1
+1 1
-1 1
+1 1
cfi=(89)
cfn=(370)
calls=1 +58 
* 95
+4 5
cfi=(89)
cfn=(374)
calls=1 268 
* 113
* 1
+1 1
-1 1
+6 5
-5 1
cfn=(382) __fopen_maybe_mmap
calls=1 -49 
* 4

fn=(360) fopen@@GLIBC_2.2.5
103 2
cfn=(362)
calls=1 -38 
* 486

fn=(382)
42 1
-2 1
+2 1
+15 1

fl=(98)
fn=(422)
32 4
+1 4
-1 36
+1 12
+1 40
+2 28
-3 8

fl=(90)
fn=(538) __write_nocancel
81 515

fn=(376)
81 2
cfn=(378) __open_nocancel
calls=1 * 
* 5

fn=(432)
81 12
cfn=(434) __read_nocancel
calls=6 * 
* 30

fn=(562)
81 5

fn=(378)
81 5

fn=(434)
81 30

fn=(536)
81 206
cfn=(538)
calls=103 * 
* 515

fl=(49)
fn=(184)
30 1
+1 1
+3 2
-3 4
+3 1
cfi=(46)
cfn=(176)
calls=1 -7 
* 7
+1 3
+1 3

fl=(79)
fn=(324)
30 2
fi=(80)
385 3
fe=(79)
29 3
cfi=(80)
cfn=(326)
calls=1 383 
* 56840
* 1
+4 1
-1 1
cfi=(78)
cfn=(330)
calls=1 2888 
* 1223

fn=(508)
37 9
+1 1
fi=(80)
385 1
fe=(79)
39 1
-1 1
fi=(80)
385 2
fe=(79)
39 1
fi=(80)
385 1
fi=(78)
2966 2
+4 2
+4 2
+5 1
-2 1
+2 1
+2 1
-2 1
+2 2
+3 3
+6 4
+1 2
+7 8
+2 2
fe=(79)
42 9
fi=(78)
2982 1
+44 6
+4 6
cfn=(512)
calls=1 4217 
* 7387
* 1
+2 4
+4 4
-66 2
fe=(79)

fl=(67)
fn=(256) intel_02_known_compare
121 162
+3 162

fn=(248)
478 2
+12 1
-12 1
+12 1
-12 1
+12 1
-12 1
+12 1
648 2
+2 1
+1 1
+2 1
-3 1
+5 1
-5 1
+4 3
+4 2
+2 1
+1 1
+2 1
+4 1
-7 1
+5 1
-5 1
+4 1
+3 2
-3 1
+3 1
-3 1
+3 2
492 2
cfn=(250) handle_intel.isra.0
calls=1 262 
* 843
+4 1
-4 1
+4 1
cfn=(250)
calls=1 262 
* 884
+2 1
-2 1
-1 1
+3 1
+9 3
+2 1
+1 1
+2 1
+5 2
+9 16
-9 12
+6 3
-6 3
+6 3
-6 3
+6 1
-6 1
+6 1
+69 4
+1 6
-65 1
+32 1
-26 5
+7 2
+4 4
+2 4
-6 4
+4 1
-2 1
+2 1
-4 3
+4 1
-2 1
+2 1
+15 1
+1 4
-9 1
+2 2
+1 1
-1 2
+1 1
+1 1

fn=(250)
262 4
+12 2
-12 12
+9 2
+1 4
-3 6
+23 10
cfn=(252) intel_check_word
calls=2 132 
* 1444
+1 4
+3 10
cfn=(252)
calls=2 132 
* 189
+1 4
-17 4
+5 2
-5 4
+5 2
+2 2
+1 2
-1 4
+27 16

fn=(252)
132 32
+1 12
+6 32
+2 4
-2 4
+2 4
+88 8
-76 20
+53 16
+23 40
-1 8
+1 8
cfi=(68) /usr/src/debug/glibc-2.17-c758a686/stdlib/bsearch.c
cfn=(254) bsearch
calls=8 26 
* 1226
+2 16
+22 8
141 16
+2 10
+2 20
-10 2
258 32
-93 10
+5 10
-5 14
+9 2
+2 4
+8 2
+4 2
-2 4
+13 3
-34 15
+5 6
+4 8
+7 9
+9 2
-2 2
+3 2
-1 2
-2 2
+1 2
+1 2
-1 6
+1 2
-2 4

fl=(64)
fn=(242)
30 4
+1 5
+2 3
cfi=(65)
cfn=(244)
calls=1 -8 
* 34
+4 5
+1 3
+2 4

fl=(105)
fn=(514)
61 9
+2 9
+2 9
+3 6
+1 6
+11 6
+1 6
+11 6
+1 6
+11 6
+1 6
+2 6
+1 6
+2 6
+1 6
+5 6
+1 6
+23 6
+8 9
+6 9
+2 9
+1 9
+26 9
+1 9
+3 1
+1 1
+1 1
+5 13
+2 13
+1 13
+1 13
+1 13
+2 13
+1 13
+1 13
+1 13
+2 13
+1 13
+2 13
+2 12
+2 12
+1 12
+1 12
+1 12
+2 12
+1 12
+1 12
+1 12
+2 12
+1 12
+2 12
+5 1
+6 1
+1 1
+19 8
+1 8
+1 8
+5 8
+1 8
+4 8
+1 8
+2 13651
+1 8
+6 8
+1 8
+1 8
+3 3
+6 3
+1 3
+2 3
+13 5
+1 5
+1 5
+3 5
+1 5
+1 5
+1 5
+2 5
+2 5
+2 5
+2 5
+3 5
+1 5
+69 2310
+2 2310
+1 2310
+1 2310
+1 2310
+1 2310
+1 2310
+1 2310
+1 2310
+2 2310
+1 2310
+2 2310
+1 2310
+1 2310
+1 2310
+1 2310
+1 2310
+1 2310
+1 2310
+2 2310
+1 2310
+2 2310
+2 2310
+2 2310
+1 2310
+1 2310
+1 2310
+1 2310
+1 2310
+1 2310
+1 2310
+2 2310
+1 2310
+2 2310
+1 2310
+1 2310
+1 2310
+1 2310
+1 2310
+1 2310
+1 2310
+2 2310
+1 2310
+2 2310
+3 5
+2 5
+2 5
+2 5
+6 5
+1 5
+1 5
+2 5
+6 5
+1 5

fl=(108)
fn=(546)
81 12
+1 3

fn=(540)
81 10
+1 2

fl=(92) /usr/src/debug/glibc-2.17-c758a686/libio/fileno.c
fn=(388) fileno
36 5
+7 1

fl=(45)
fn=(174)
36 1
+1 1
+3 2
-3 4
+3 1
cfi=(46)
cfn=(176)
calls=1 -13 
* 7
* 3
+1 3

fl=(68)
fn=(254)
26 8
+5 8
-5 72
+7 8
-7 16
+7 8
+7 8
+1 8
-8 16
+2 54
+2 54
-2 54
+1 162
+1 108
cfi=(67)
cfn=(256)
calls=54 +84 
* 324
+1 108
+1 46
-6 92
+14 8
-1 8
+1 56

fl=(73)
fn=(288)
56 6
-22 2
cfn=(290) __new_exitfn
calls=1 +38 
* 39
+2 2
+4 1
+3 1
+1 1
-4 2
+2 1
+4 1
+1 1
+11 4

fn=(290)
72 1
+6 2
-6 3
+6 4
+2 4
-7 2
+9 3
-2 1
+10 1
-10 2
+45 1
+1 1
+3 4
+3 5
-35 2
+14 1
+1 2

fl=(96)
fn=(416)
96 10
+15 8
fi=(99)
957 6
+2 4
+1 4
fe=(96)
111 6
cfi=(89)
cfn=(418)
calls=2 1270 
* 28
* 4
+2 8
+11 9
-14 1
+18 6
cfi=(98)
cfn=(422)
calls=1 -96 
* 33
* 6
cfi=(98)
cfn=(422)
calls=1 -96 
* 33
* 4
+1 10
cfi=(88)
cfn=(424)
calls=2 400 
* 42
+1 2
+1 13
-13 1
fi=(116) /usr/src/debug/glibc-2.17-c758a686/libio/../sysdeps/unix/sysv/linux/sys/sysmacros.h
-72 6
fe=(96)
+72 1
-2 2
+5 2

fl=(103)
fn=(474)
32 1
+2 1
+1 1
+6 1
+1 1
+1 1
+1 1
+1 1
+1 1
+1 1
+1 1

ob=(2)
fl=(16)
fn=(294)
0 6

fn=(570)
0 1
cob=(3)
cfi=(78)
cfn=(488)
calls=1 2924 
0 148

fn=(226)
0 6

fn=(364)
0 1
cob=(3)
cfi=(78)
cfn=(330)
calls=1 2888 
0 176

fn=(596)
0 3

fn=(258)
0 6

fn=(640)
0 3

fn=(630)
0 1
cob=(3)
cfi=(112)
cfn=(610)
calls=1 30 
0 53

fn=(622)
0 3

totals: 163606264629
