version: 1
creator: callgrind-3.11.0
pid: 27941
cmd:  ./um midmark.um
part: 1


desc: I1 cache: 
desc: D1 cache: 
desc: LL cache: 

desc: Timerange: Basic block 0 - 1368108827
desc: Trigger: Program termination

positions: line
events: Ir
summary: 6618274703


ob=(1) /usr/lib64/ld-2.17.so
fl=(70) /usr/src/debug////////glibc-2.17-c758a686/elf/../sysdeps/x86_64/dl-trampoline.h
fn=(280) _dl_runtime_resolve_xsave
71 1
+3 1
+2 1
+10 1
+6 1
+1 1
+1 1
+1 1
+1 1
+1 1
+1 1
+4 1
+1 1
+3 1
+1 1
+2 1
+1 1
+1 1
+1 1
+1 1
+1 1
+2 1
+13 1
+1 1
+1 1
cfi=(71) /usr/src/debug/glibc-2.17-c758a686/elf/../elf/dl-runtime.c
cfn=(282) _dl_fixup
calls=1 -63 
* 1490
+1 1
+5 1
+1 1
+1 1
+2 1
+1 1
+1 1
+1 1
+1 1
+1 1
+1 1
+2 1
+2 1
+4 1
+3 1

fn=(281) _dl_runtime_resolve_xsave'2
71 12
+3 12
+2 12
+10 12
+6 12
+1 12
+1 12
+1 12
+1 12
+1 12
+1 12
+4 12
+1 12
+3 12
+1 12
+2 12
+1 12
+1 12
+1 12
+1 12
+1 12
+2 12
+13 12
+1 12
+1 12
cfi=(71)
cfn=(282)
calls=12 -63 
* 14536
+1 12
+5 12
+1 12
+1 12
+2 12
+1 12
+1 12
+1 12
+1 12
+1 12
+1 12
+2 12
+2 12
+4 12
+3 12

fl=(12) /usr/src/debug/glibc-2.17-c758a686/elf/dl-tunables.c
fn=(26) _dl_process_tunable_env_entries
37 1
-8 1
+8 1
+1 4
+4 95
+1 1
-1 4
+3 2
+12 46
-19 138
+22 2

fl=(22) /usr/src/debug////////glibc-2.17-c758a686/posix/../sysdeps/unix/syscall-template.S
fn=(62) uname
81 4
+1 1

fl=(7) /usr/src/debug/glibc-2.17-c758a686/elf/../elf/dl-sysdep.c
fn=(12) _dl_sysdep_start
86 7
+25 1
-1 1
+1 1
-25 1
+25 147
+6 1
-3 1
+1 1
-4 1
+3 1
+3 4
+1 6
-1 3
-29 1
-1 2
+31 108
-1 86
fi=(21) /usr/src/debug/glibc-2.17-c758a686/elf/../sysdeps/unix/sysv/linux/dl-sysdep.c
-82 2
cfi=(8) /usr/src/debug/glibc-2.17-c758a686/elf/../sysdeps/unix/sysv/linux/x86_64/brk.c
cfn=(14) brk
calls=1 -4 
* 12
fi=(5) /usr/src/debug/glibc-2.17-c758a686/elf/../sysdeps/x86_64/dl-machine.h
220 5
+4 1
cfi=(9) /usr/src/debug/glibc-2.17-c758a686/elf/../sysdeps/x86/cpu-features.c
cfn=(18) init_cpu_features.constprop.0
calls=1 39 
* 115
fe=(7)
+2 3
+1 1
cfi=(10) /usr/src/debug////////glibc-2.17-c758a686/string/../sysdeps/x86_64/rtld-strlen.S
cfn=(20) strlen
calls=1 28 
* 42
* 1
+2 2
cfi=(11) /usr/src/debug/glibc-2.17-c758a686/elf/../misc/sbrk.c
cfn=(22) sbrk
calls=1 34 
* 17
* 3
+12 3
+3 6
cfi=(2) /usr/src/debug/glibc-2.17-c758a686/elf/rtld.c
cfn=(24) dl_main
calls=1 1005 
* 160456
+2 9
-67 1
+1 1
-29 1
+1 1
+11 1
+1 1
-7 1
+1 1
-4 1
+1 1
-25 1
+1 1
-4 1
+1 1
-7 1
+1 1
+2 1
+1 1

fn=(216) _dl_sysdep_start_cleanup
251 1

fl=(25) /usr/src/debug////////glibc-2.17-c758a686/string/../sysdeps/x86_64/rtld-strchr.S
fn=(70) index
40 10
+1 10
+1 10
+1 10
+1 7
+1 7
+3 7
+1 7
+1 7
-2 32
+1 32
+1 32
+1 39
+1 39
+1 39
+1 39
+1 39
+9 10
+1 10
+1 10
+2 20
+32 10
+1 10
+1 10
+1 10
+2 10
+3 10
-8 2
+1 2
+1 2
+1 2
+2 2
+3 2
+1 12
+1 12
+1 12
+2 12
+5 11
+1 11
+1 11
+3 11
+1 10
+1 10
+1 10
+2 10
+3 6
+1 6
+1 6
+1 6
+2 6
+3 6
+1 6
+1 6
+1 6
+2 6
+5 6
+1 6
+1 6
+3 6
+1 6
+1 6
+1 6
+2 6
+2 3
+1 3
+1 3
+1 3
+2 3
+3 3
+1 3
+1 3
+1 3
+2 3
+5 3
+1 3
+1 3
+3 3
+1 3
+1 3
+1 3
+2 3
+2 2
+1 2
+1 2
+1 2
+2 2
+3 2
+1 2
+1 2
+1 2
+2 2
+5 2
+1 2
+1 2
+3 2
+1 2
+1 2
+1 2
+2 2
+4 9
+1 9
+11 1
+1 1
+1 1
+1 1
+47 1
+1 1

fl=(37) /usr/src/debug/glibc-2.17-c758a686/elf/dl-deps.c
fn=(126) openaux
60 10
+7 5
-4 15
+1 5
-1 5
+1 5
-1 25
cfi=(23) /usr/src/debug/glibc-2.17-c758a686/elf/dl-load.c
cfn=(94) _dl_map_object
calls=5 2094 
* 13535
* 5
+5 10

fn=(124) _dl_map_object_deps
147 1
+1 1
-1 2
+1 1
-1 1
+1 1
-1 1
+1 2
-1 4
+1 2
-1 1
+1 2
-1 1
+1 10
+15 1
-15 1
+16 1
-2 1
+1 1
-15 1
+16 1
+6 3
+10 1
-10 1
+10 3
-14 1
-4 1
+2 1
+17 1
-17 1
-2 2
+2 1
-2 1
+2 1
-2 1
+1 1
+1 1
+6 3
+10 1
-10 1
+10 3
-16 4
+20 1
+21 1
+1 1
-22 2
+19 1
-12 1
+15 1
-16 1
+13 1
347 9
215 1
+4 1
-8 1
+8 2
-4 4
+4 4
-8 4
+8 8
+12 15
+2 6
+6 3
-6 3
+6 3
+1 3
+4 3
-4 3
+1 3
+3 3
-6 3
+3 3
+3 9
-32 3
+32 6
+50 10
+1 9
-51 316
+1 158
+6 25
cfi=(25)
cfn=(70)
calls=5 40 
* 391
* 10
+5 25
-3 5
+3 5
cfi=(29) /usr/src/debug/glibc-2.17-c758a686/elf/dl-error.c
cfn=(86) _dl_catch_error
calls=5 -97 
* 13910
+2 15
+15 5
+2 10
+5 18
+6 3
+4 3
-10 6
+3 3
+1 3
+6 3
-5 3
+1 3
+4 3
-2 3
+2 6
-2 9
-57 8
-19 2
475 10
+2 9
+3 6
-1 3
cfi=(17) /usr/src/debug/glibc-2.17-c758a686/elf/dl-minimal.c
cfn=(40) malloc
calls=3 93 
* 102
* 3
+2 3
-2 3
+2 3
+3 3
+1 15
-1 3
+1 3
cfi=(18) /usr/src/debug////////glibc-2.17-c758a686/string/../sysdeps/x86_64/memcpy.S
cfn=(46) memcpy
calls=3 61 
* 68
+1 15
cfi=(18)
cfn=(46)
calls=3 61 
* 68
+4 3
-1 3
+5 36
+3 12
-1 5
+1 10
204 1
501 6
+1 2
+3 6
+11 4
-1 1
cfi=(17)
cfn=(40)
calls=1 93 
* 34
* 1
+3 1
-3 1
+3 2
+5 7
+1 4
+2 11
+6 12
+4 4
-10 4
+10 4
-10 9
+6 3
+4 1
-10 1
+10 1
-10 3
+13 2
+53 4
+43 19
+1 2
-1 1
-1 1
+2 1
cfi=(36) /usr/src/debug////////glibc-2.17-c758a686/string/../sysdeps/x86_64/rtld-memset.S
cfn=(116) memset
calls=1 30 
* 16
* 10
+11 1
-6 1
-1 1
+1 1
+6 2
-11 9
+11 3
-6 3
-1 3
+1 3
+6 9
+2 12
+1 6
-1 12
+1 9
+3 21
-1 30
+23 6
-28 12
+31 12
+3 30
cfi=(36)
cfn=(116)
calls=3 30 
* 30
* 17
219 10
+1 22
+2 3
+2 9
+2 22
+71 222
688 2
+2 1
+1 1
-1 1
+9 3
+3 2
+3 8
-42 3
-35 10
cfi=(18)
cfn=(46)
calls=1 61 
* 42
+2 4
226 26

fl=(1) ???
fn=(0) 0x0000000000000ff0
0 2
cfi=(2)
cfn=(2) _dl_start
calls=1 441 
0 161749
0 14
cfi=(60) /usr/src/debug/glibc-2.17-c758a686/elf/dl-init.c
cfn=(224) _dl_init
calls=1 90 
0 2304
0 3
cob=(6) /h/jfacul01/comp40/HW6/UM/HW7/um
cfi=(69) ???
cfn=(272) 0x0000000000400bb1
calls=1 0 
0 6618110631

fl=(6) /usr/src/debug/glibc-2.17-c758a686/elf/dl-lookup.c
fn=(170) check_match.9524
132 5551
+1 1586
+2 1586
+2 1161
-2 774
+12 1161
+3 2034
cfi=(19) /usr/src/debug////////glibc-2.17-c758a686/string/../sysdeps/x86_64/strcmp.S
cfn=(54) strcmp
calls=315 -16 
* 5663
* 630
+5 107
-1 107
+1 107
-1 107
+1 107
+2 210
+19 210
+1 840
+46 642
-18 4
+2 4
+1 8
-1 4
+1 2
-1 4
+9 280
+7 4116
-45 315
cfi=(19)
cfn=(54)
calls=105 -44 
* 9128
* 420
-43 812
+81 1218

fn=(10) _dl_setup_hash
865 15
+4 3
+4 6
+2 3
-1 3
+4 3
+4 3
-4 3
+1 6
+2 3
-2 3
+3 3
+2 3
+1 3
+1 12
+1 3
+3 6
+2 2
+2 2
+2 2
+1 2
+1 2
-4 2
+4 4

fn=(166) do_lookup_x
82 1071
+1 119
-6 119
+5 357
-5 833
+11 119
+1 119
233 119
-3 119
+3 119
-3 357
98 119
-3 119
+1 119
+2 119
+3 119
-3 119
+3 119
-3 362
-3 362
+1 362
+2 362
+3 362
-3 362
+3 362
+4 986
+4 956
+4 956
+7 1434
+4 956
+1 1434
226 478
+1 956
+4 496
-2 248
+5 992
+4 496
-1 496
+1 248
-1 496
+21 146
+24 742
462 2028
+1 380
cfi=(31) /usr/src/debug/glibc-2.17-c758a686/elf/dl-misc.c
cfn=(96) _dl_name_match_p
calls=76 304 
* 3571
* 456
+3 1122
+3 24
287 800
+4 256
+13 107
+1 107
-1 107
+1 107
+1 107
470 952
241 424
-1 212
+2 212
+2 315
+10 306
-7 1020
+2 204
+1 408
-1 612
+1 306
cfn=(170)
calls=102 132 
* 16348
+1 510
+11 1364
+6 1170
+2 2744
-2 686
+2 686
-2 686
+4 4837
cfn=(170)
calls=691 132 
* 22550
+1 3460
-10 119
fi=(43) /usr/src/debug/glibc-2.17-c758a686/elf/../sysdeps/generic/dl-hash.h
32 119
-1 119
+1 595
+2 238
+1 357
+2 238
+1 357
+2 238
+1 357
+2 112
+1 112
-1 112
+2 336
+3 2880
+1 1920
+13 1920
-17 2880
+22 672
fe=(6)
263 224
fi=(43)
67 35
fe=(6)
263 14

fn=(164) _dl_lookup_symbol_x
716 1428
477 119
716 238
477 357
-1 238
+2 119
-1 119
+1 357
-1 357
+1 1429
-1 1429
+1 4287
-1 4525
718 119
+4 119
+9 119
-13 119
+15 119
-14 238
+14 119
-2 119
+6 952
+2 1547
cfn=(166)
calls=119 82 
* 102472
+3 238
+3 12
-8 48
-7 238
+40 238
+24 107
+1 749
+26 107
+9 535
+14 321
+3 428
+5 107
+2 952
-82 84
+18 12
+1 24
+54 2

fl=(36)
fn=(116)
30 12
+1 12
+1 12
+1 2180
+1 12
+1 12

fl=(41) /usr/src/debug/glibc-2.17-c758a686/elf/dl-version.c
fn=(146) _dl_check_all_versions
381 6
+4 4
-2 2
+4 35
cfn=(148) _dl_check_map_versions
calls=5 174 
* 4429
-2 5
+2 15
-1 5
-1 10
+5 7

fn=(148)
174 45
+15 5
-15 10
+15 10
+2 5
+3 5
-3 5
+2 5
+1 5
+2 5
-3 5
+3 5
+3 12
+4 18
+17 3
56 3
220 3
56 3
220 3
56 15
220 1
56 1
220 1
56 1
220 1
56 5
+1 14
-1 28
+2 54
cfi=(31)
cfn=(96)
calls=18 304 
* 1240
* 40
228 12
+5 32
+20 3
-16 87
cfn=(150) match_symbol
calls=2 76 
* 391
* 15
cfn=(150)
calls=5 76 
* 919
* 7
+8 28
+3 29
+9 16
+5 1
+1 1
-80 2
-8 2
+96 15
+3 9
+10 28
-7 112
+3 84
-3 12
+3 9
+8 5
+86 5
-86 5
+87 8
-81 16
cfi=(17)
cfn=(36) calloc
calls=4 102 
* 220
* 4
+1 4
-2 4
+2 4
+11 4
-3 4
+3 8
+2 12
+3 12
+4 12
+18 3
-15 9
+2 9
-2 12
+2 12
+2 7
+1 7
-1 14
+1 7
-1 7
+1 7
+1 7
-2 7
+2 14
+1 21
+3 21
+8 12
+5 1
+1 1
+4 12
+3 12
+20 28
-14 28
-2 28
+2 31
-2 3
+2 3
+4 28
+2 28
-1 56
+1 28
-1 84
+1 28
+1 28
+3 93
+10 4
-1 4
+1 28

fn=(150)
76 77
+9 7
-8 7
-1 14
+1 7
+8 7
+6 21
+18 14
+5 14
+14 114
+12 150
+4 50
-30 100
+16 7
+3 28
cfi=(19)
cfn=(54)
calls=7 +1 
* 623
* 14
+35 56

fl=(17)
fn=(36)
102 10
+7 30
-3 10
+3 20
+4 10
cfn=(40)
calls=10 -20 
* 441
* 10

fn=(40)
93 26
+1 52
cfn=(44) __libc_memalign
calls=26 -43 
* 881
* 26

fn=(44)
51 108
+1 133
+11 26
+1 26
-1 26
+3 26
-3 26
+3 52
-3 1
+1 1
-1 1
+3 1
-3 1
+3 98
+4 12
+1 9
+6 21
cfi=(34) /usr/src/debug/glibc-2.17-c758a686/misc/../sysdeps/unix/sysv/linux/wordsize-64/mmap.c
cfn=(112) mmap
calls=3 -45 
* 99
+2 15
+4 9
+3 3
+1 3
+2 15
-3 24
+1 24
+2 192
-31 3
+1 1
-2 3

fn=(74) strsep
340 3
+1 6
+4 64
+7 156
-2 106
+4 2
+6 26
-15 79
+18 1
+4 1
-4 1
+4 2
-11 2
+1 1

fl=(24) /usr/src/debug/glibc-2.17-c758a686/elf/dl-hwcaps.c
fn=(66) _dl_important_hwcaps
39 8
+2 1
-2 1
+3 1
-3 2
+3 1
-3 1
+2 3
+1 2
+9 1
-10 1
+10 2
+10 4
+42 1
+3 17
+1 1
-1 4
+30 2
+8 2
+2 3
+1 2
+1 2
+3 2
+7 1
-7 1
+1 1
+7 1
-1 1
+4 3
+1 1
-1 6
+1 1
+18 12
+1 4
cfi=(17)
cfn=(40)
calls=1 -89 
* 34
* 1
+1 1
-1 1
+1 4
+26 1
+3 1
-3 2
+3 1
+28 9
+1 2
-1 2
+1 6
-1 8
+5 6
+3 1
-3 1
+3 2
-3 1
+3 1
-3 2
+3 1
-3 1
+3 2
-3 1
+3 3
+1 12
+1 4
-1 4
+1 8
-2 4
+1 8
-1 14
+4 4
+3 1
+2 2
-1 1
-1 2
+2 10
+13 2
+1 1
-1 1
+3 2
-3 2
+1 1
-1 1
+3 2
+3 3
+3 9
-65 4
cfi=(18)
cfn=(68) mempcpy
calls=1 61 
* 22
+1 2
-1 2
+1 1
cfi=(18)
cfn=(68)
calls=1 61 
* 22
* 4

fl=(32) /usr/src/debug////////glibc-2.17-c758a686/io/../sysdeps/unix/syscall-template.S
fn=(104) read
81 12
+1 3

fn=(122) access
81 4
+2 5

fn=(120) close
81 16
+1 4

fn=(102) open
81 56
+1 4
+1 50

fl=(19)
fn=(54)
134 666
+1 666
+1 666
+1 360
+1 360
+1 360
+1 360
cfn=(55) strcmp'2
calls=360 -6 
* 13853
+5 306
+1 306
+1 306
+1 306

fn=(55)
134 1935
+1 1935
+1 1935
+1 1729
+1 1729
+1 1729
+1 1729
cfn=(55)
calls=1575 -6 
* 65124
+2 154
+1 154
+2 206
+1 206
+1 206
+1 206

fl=(9)
fn=(18)
39 1
+7 1
-7 5
+7 1
-7 1
+10 1
-3 1
+3 5
182 2
+1 7
+7 3
+4 2
+2 4
+41 2
+4 4
+1 2
+3 1
+2 1
-2 3
+2 2
+3 2
+51 1
+1 1
+1 1
+1 8
200 2
+1 1
+6 3
+5 3
+16 2
+3 2
60 1
-31 2
+4 1
-4 1
+5 1
-1 1
+31 1
-30 1
+30 1
-31 1
+27 2
-26 1
+30 1
+1 1
-36 2
+3 1
+28 1
+5 1
+5 1
-17 1
+17 1
+3 1
+1 8
+35 1
-56 1
+56 1
+22 1
-78 1
+78 2

fl=(31)
fn=(96)
304 560
+1 224
cfi=(19)
cfn=(54)
calls=112 134 
* 791
* 112
+1 112
-1 112
+3 112
+2 224
+4 113
-4 226
+1 360
cfi=(19)
cfn=(54)
calls=120 134 
* 2198
* 240
-5 7
+11 140
-1 105
+1 420

fn=(134) _dl_sysdep_read_whole_file
43 1
+7 1
-7 3
+7 1
-7 1
+1 1
-1 2
+7 1
cfi=(32)
cfn=(102)
calls=1 +31 
* 5
+1 1
-1 1
+1 1
+2 4
cfi=(33) /usr/src/debug/glibc-2.17-c758a686/io/../sysdeps/unix/sysv/linux/wordsize-64/fxstat.c
cfn=(110) _fxstat
calls=1 -17 
* 10
* 2
+2 1
+3 1
-3 1
+3 1
+13 2
cfi=(32)
cfn=(120)
calls=1 +10 
* 5
+3 7
-14 6
cfi=(34)
cfn=(112)
calls=1 -28 
* 33
* 2

fl=(29)
fn=(86)
159 42
+9 6
+2 6
cfi=(2)
cfn=(88) _dl_initial_error_catch_tsd
calls=6 877 
* 12
* 6
+1 6
+2 12
-2 6
+2 6
cfi=(30) /usr/src/debug////////glibc-2.17-c758a686/setjmp/../sysdeps/x86_64/setjmp.S
cfn=(90) __sigsetjmp
calls=6 26 
* 120
+1 12
+2 12
+1 12
-1 6
+1 6
cfi=(37)
cfn=(126)
calls=5 60 
* 13620
cfi=(2)
cfn=(92) map_doit
calls=1 704 
* 2592
+1 6
+4 6
-4 6
+1 12
+1 12
+1 12
+10 24

fn=(142) _dl_receive_error
197 10
+1 1
cfi=(2)
cfn=(88)
calls=1 877 
* 2
+5 1
-1 1
-4 1
+9 1
+2 1
-3 1
+3 1
cfi=(2)
cfn=(144) version_check_doit
calls=1 736 
* 4528
+2 1
+1 1
+1 8

fl=(42) /usr/src/debug/glibc-2.17-c758a686/elf/dl-reloc.c
fn=(158) _dl_relocate_object
148 50
+15 5
-15 10
+15 5
+1 20
+6 10
+6 15
-18 6
+22 6
+8 10
-33 5
+78 5
fi=(5)
76 5
fe=(42)
233 10
fi=(5)
76 15
fe=(42)
259 224
159 15
fi=(5)
298 24
fe=(42)
-39 3
fi=(4) /usr/src/debug/glibc-2.17-c758a686/elf/do-rel.h
48 3
fe=(42)
259 3
fi=(4)
58 3
fe=(42)
259 3
fi=(4)
47 6
+11 6
fe=(42)
259 2
159 10
fi=(5)
298 16
fe=(42)
-39 2
fi=(4)
48 2
fe=(42)
259 2
fi=(4)
58 2
fe=(42)
259 2
fi=(4)
47 4
+11 4
fe=(42)
259 5
fi=(4)
48 5
fe=(42)
259 5
fi=(4)
58 5
fe=(42)
259 5
fi=(4)
47 10
+11 10
+3 12
fi=(5)
507 62
+4 62
+2 93
+1 31
fi=(4)
61 126
+2 129
+2 38
-4 3
+13 6
+1 5
+1 24
fi=(5)
507 12
+24 12
fi=(4)
75 12
fi=(5)
531 12
+2 12
cob=(4) /usr/lib64/libm-2.17.so
cfi=(55) ???
cfn=(212) sin
calls=1 0 
* 8
cob=(4)
cfi=(55)
cfn=(210) __atan2_finite
calls=1 0 
* 8
cob=(4)
cfi=(57) /usr/src/debug/glibc-2.17-c758a686/math/../sysdeps/x86_64/fpu/multiarch/e_asin.c
cfn=(208) __asin_finite
calls=1 16 
* 5
cob=(4)
cfi=(59) /usr/src/debug////////glibc-2.17-c758a686/math/../sysdeps/x86_64/fpu/multiarch/s_floor.S
cfn=(206) floor
calls=1 25 
* 5
cob=(4)
cfi=(58) /usr/src/debug////////glibc-2.17-c758a686/math/../sysdeps/x86_64/fpu/multiarch/s_floorf.S
cfn=(204) floorf
calls=1 25 
* 5
cob=(4)
cfi=(57)
cfn=(202) __acos_finite
calls=1 10 
* 5
cob=(4)
cfi=(56) /usr/src/debug////////glibc-2.17-c758a686/math/../sysdeps/x86_64/fpu/multiarch/s_rintf.S
cfn=(200) rintf
calls=1 25 
* 5
cob=(4)
cfi=(55)
cfn=(198) __log_finite
calls=1 0 
* 8
cob=(4)
cfi=(54) /usr/src/debug/glibc-2.17-c758a686/math/../sysdeps/x86_64/fpu/multiarch/e_pow.c
cfn=(196) __pow_finite
calls=1 8 
* 5
cob=(4)
cfi=(53) /usr/src/debug////////glibc-2.17-c758a686/math/../sysdeps/x86_64/fpu/multiarch/s_rint.S
cfn=(194) rint
calls=1 25 
* 5
cob=(4)
cfi=(52) /usr/src/debug/glibc-2.17-c758a686/math/../sysdeps/x86_64/fpu/multiarch/s_sin.c
cfn=(192) cos
calls=1 20 
* 8
cob=(4)
cfi=(51) /usr/src/debug/glibc-2.17-c758a686/math/../sysdeps/x86_64/fpu/multiarch/e_exp.c
cfn=(190) __exp_finite
calls=1 15 
* 8
fi=(4)
75 12
fi=(5)
534 12
fi=(4)
75 14
fe=(42)
259 3
fi=(4)
75 9
fe=(42)
259 27
+3 15
+24 5
+3 10
+17 15
+2 40
fi=(4)
84 7
+2 14
+12 7
-15 7
+15 7
-15 7
+15 7
+10 10
+3 13
fi=(5)
497 9
fi=(4)
111 12
fi=(5)
497 3582
fi=(4)
111 4776
+7 21
+3 6
+3 6
-3 6
+3 6
-74 4
fi=(5)
424 4
fi=(4)
51 4
fi=(5)
424 16
fi=(4)
127 496
+9 234
+3 234
fi=(5)
266 117
fi=(4)
138 117
-2 117
+1 468
fi=(5)
266 117
+21 234
+4 234
+7 1518
fi=(4)
137 91
fi=(5)
298 182
fi=(4)
137 91
fi=(5)
298 91
fi=(4)
138 91
fi=(5)
298 182
fi=(4)
137 91
fi=(5)
298 283
fi=(4)
137 10
fi=(5)
298 20
fi=(4)
137 10
fi=(5)
298 10
fi=(4)
138 10
fi=(5)
298 20
fi=(4)
137 10
fi=(5)
298 1242
cfi=(6)
cfn=(164)
calls=101 716 
* 104695
* 404
+2 312
+3 109
-3 218
+3 327
+6 819
fe=(42)
177 10
+1 2
+2 4
+79 10
fi=(5)
82 6
+4 9
+14 3
-8 3
+8 6
+20 6
+11 12
417 300
fi=(4)
124 384
+19 8
+1 26
+1 21
+3 14
+4 14
-1 7
-3 7
+1 7
+1 7
-1 14
fi=(5)
298 28
+2 7
+3 7
-3 7
+3 21
470 14
+1 7
cob=(3) /usr/lib64/libc-2.17.so
cfi=(50) ???
cfn=(186) memcpy@GLIBC_2.2.5
calls=1 0 
* 15
cob=(3)
cfi=(49) /usr/src/debug/glibc-2.17-c758a686/time/../sysdeps/unix/sysv/linux/x86_64/gettimeofday.c
cfn=(184) gettimeofday
calls=1 30 
* 22
cob=(3)
cfi=(48) /usr/src/debug////////glibc-2.17-c758a686/string/../sysdeps/x86_64/multiarch/memset.S
cfn=(182) memset
calls=1 27 
* 8
cob=(3)
cfi=(44) /usr/src/debug////////glibc-2.17-c758a686/string/../sysdeps/x86_64/multiarch/strcmp.S
cfn=(180) strncasecmp
calls=1 120 
* 5
cob=(3)
cfi=(47) /usr/src/debug////////glibc-2.17-c758a686/string/../sysdeps/x86_64/multiarch/strnlen.S
cfn=(178) strnlen
calls=1 30 
* 5
cob=(3)
cfi=(45) /usr/src/debug/glibc-2.17-c758a686/time/../sysdeps/unix/sysv/linux/x86_64/time.c
cfn=(174) time
calls=1 36 
* 22
cob=(3)
cfi=(44)
cfn=(172) strcasecmp
calls=1 100 
* 5
+1 14
298 39
fi=(4)
129 26
fi=(5)
298 20
+91 39
+4 65
+5 65
-71 2
+1 3
453 9
+4 18
cfi=(18)
cfn=(46)
calls=3 61 
* 54
+2 9
+1 3
fi=(4)
108 3
fe=(42)
314 10
+1 5
+1 5
-1 5
-1 10
+2 5
+3 10
+1 15
cfi=(35) /usr/src/debug////////glibc-2.17-c758a686/misc/../sysdeps/unix/syscall-template.S
cfn=(114) mprotect
calls=5 81 
* 25
* 10
fi=(5)
124 12
-2 6
298 14
fi=(4)
129 3
+31 8
+2 20
+8 10
+1 5
-1 5
+1 5
fi=(5)
+95 5
fi=(4)
-96 10
fi=(5)
+96 5
+21 10
+4 10
+7 135
cfi=(6)
cfn=(164)
calls=5 716 
* 5414
* 20
+2 15
+3 1
-3 2
+3 3
+6 35
417 15
fi=(4)
160 15
+14 5
fi=(5)
298 95
fe=(42)

fl=(10)
fn=(20)
28 18
+1 18
+1 18
+1 18
+2 10
+1 10
+2 10
+1 10
-1 33
+1 33
+1 42
+1 42
+1 42
+2 34
+5 17
+1 17
+1 17
+1 17
+3 17
-6 6
+1 6
+1 6
+1 6
+3 6
+1 19
+1 19
+1 19
+2 19
+3 15
+1 15
+1 15
+1 15
+3 15
+1 14
+1 14
+1 14
+2 14
+3 11
+1 11
+1 11
+1 11
+3 11
+1 7
+1 7
+1 7
+2 7
+3 6
+1 6
+1 6
+1 6
+3 6
+1 6
+1 6
+1 6
+2 6
+3 17
+2 17
+1 17
+1 13
+2 13
+1 13
+1 12
+2 12
+1 12
+1 10
+2 10
+1 10
+1 5
+2 5
+2 5
+1 5
+1 4
+2 4
+1 4
+1 2
+2 2
+1 2
+3 18
+1 18

fl=(34)
fn=(112)
32 11
+1 11
-1 99
+1 27
+1 110
+2 77
-3 26

fl=(21)
fn=(60) _dl_discover_osversion
45 7
+2 3
+85 8
-45 3
cfi=(22)
cfn=(62)
calls=1 -6 
* 5
* 1
+15 1
-15 1
+20 1
-1 1
+3 12
+4 3
-2 6
+2 10
+2 1
+1 2
-3 4
+7 3
-1 3
+4 3
-2 3
+2 10
+5 2

fl=(23)
fn=(64) _dl_init_paths
710 1
+15 2
-15 8
+15 3
cfi=(24)
cfn=(66)
calls=1 39 
* 346
+5 1
-5 1
+5 1
cfi=(17)
cfn=(40)
calls=1 93 
* 34
* 1
+1 1
-1 1
-1 1
+2 1
+8 1
-1 1
+1 1
-1 4
+5 4
cfi=(17)
cfn=(40)
calls=1 93 
* 34
* 1
+2 1
-2 1
-1 1
+3 1
+7 1
+10 1
+9 1
-20 1
+12 1
-1 1
+3 1
+1 1
-1 1
+6 9
+1 10
+2 2
-12 1
+12 1
-14 1
+2 1
+3 1
-2 1
+3 1
-1 8
+1 3
+6 11
-1 2
+14 1
-11 1
+6 1
+1 1
+5 2
+4 3
+32 4
+8 3
cfi=(25)
cfn=(70)
calls=1 40 
* 107
* 2
+2 2
cfi=(10)
cfn=(20)
calls=1 28 
* 84
* 17
cfi=(18)
cfn=(46)
calls=1 61 
* 31
* 1
+17 3
-1 2
+3 1
+1 3
+1 1
-4 3
+2 26
+1 78
+1 26
-4 79
+8 1
cfi=(17)
cfn=(40)
calls=1 93 
* 34
* 1
+1 1
-2 1
+2 1
+6 7
cfn=(72) fillin_rpath
calls=1 489 
* 920
+4 3
+6 1
+4 8
-72 1
-2 1
+2 2
+11 2
-46 2
+61 4

fn=(94)
2094 6
+12 12
-12 6
+12 6
-12 54
+12 6
-12 12
+12 12
+12 30
-12 45
+5 54
+1 36
+2 54
cfi=(31)
cfn=(96)
calls=18 304 
* 1245
* 39
2399 48
2141 6
+11 12
-56 6
+92 6
-2 3
+2 3
cfi=(25)
cfn=(70)
calls=3 40 
* 175
* 6
2330 6
cfn=(98) expand_dynamic_string_token
calls=1 419 
* 390
+1 1
-3 1
+4 1
-1 2
+4 6
cfn=(100) open_verify
calls=1 1681 
* 328
+3 1
-3 1
+3 1
+12 9
+2 6
+44 3
+1 21
-1 3
+1 15
cfn=(106) _dl_map_object_from_fd
calls=3 916 
* 6576
* 3
2192 4
cfi=(10)
cfn=(20)
calls=2 28 
* 121
* 2
+2 2
-2 2
+2 2
+7 8
+35 4
+1 30
cfn=(128) open_path
calls=2 1945 
* 1872
* 6
+6 12
687 2
2244 2
687 4
2322 4
-97 10
+21 4
+6 8
+2 6
+4 4
cfi=(39) /usr/src/debug/glibc-2.17-c758a686/elf/dl-cache.c
cfn=(132) _dl_load_cache_lookup
calls=2 185 
* 3222
+2 2
-2 2
+2 2
+5 6
+8 4
+28 20
cfn=(100)
calls=2 1681 
* 1218
+3 2
-3 2
+3 4
+1 4
-79 14
687 2
2227 2
687 4
2205 2
+8 10
-7 4
-1 2
+8 16
-3 6
687 2
2211 2
687 4
2119 45
+3 6
+2 6
-1 12
+1 6
cfi=(19)
cfn=(54)
calls=6 134 
* 105
* 12

fn=(128)
1945 16
+1 2
-1 10
+7 2
-7 2
+1 2
+6 4
+5 34
+74 2
-74 2
-7 2
-1 2
+82 2
-22 2
-52 2
+52 8
-40 2
-9 2
+9 4
-9 2
+9 2
+7 16
cfi=(18)
cfn=(68)
calls=4 61 
* 116
+1 4
-1 4
+1 12
-13 8
+33 16
-20 38
+3 32
+4 80
cfi=(18)
cfn=(68)
calls=10 61 
* 198
* 40
cfi=(18)
cfn=(68)
calls=10 61 
* 230
* 10
+3 10
+3 20
+3 70
cfn=(100)
calls=10 1681 
* 400
* 10
+2 30
+26 8
+2 6
+36 2
+27 16
-84 16
+1 72
+6 16
+2 24
-2 8
+2 8
cfi=(38) /usr/src/debug/glibc-2.17-c758a686/io/../sysdeps/unix/sysv/linux/wordsize-64/xstat.c
cfn=(130) _xstat
calls=8 36 
* 98
* 16
+1 2
+2 2
-2 2
+2 16
+7 4
-44 4
+37 12
+7 12
-44 14
+85 20
+7 4
-2 4
+2 12
+3 6
+14 6
-72 12

fn=(106)
916 33
+11 3
-11 3
+11 3
-11 9
+11 3
cfi=(26) /usr/src/debug/glibc-2.17-c758a686/elf/dl-debug.c
cfn=(76) _dl_debug_initialize
calls=3 51 
* 24
+4 9
-4 3
+4 3
cfi=(33)
cfn=(110)
calls=3 36 
* 30
* 6
+11 21
+1 9
-1 27
+1 36
461 3
1633 24
960 6
+25 6
+10 6
+22 3
-89 3
+89 9
+35 21
cfi=(15) /usr/src/debug/glibc-2.17-c758a686/elf/dl-object.c
cfn=(32) _dl_new_object
calls=3 62 
* 1477
+1 3
-1 3
+1 3
+11 6
+5 3
-5 3
+1 6
+1 3
+2 3
-2 3
+2 12
+1 9
+1 3
+24 57
+8 3
-8 6
+8 3
-8 9
+8 3
+99 3
1095 3
1201 3
1096 3
-11 3
1201 6
+8 12
1103 45
-1 184
+1 133
+6 6
+1 9
+1 3
+9 30
+6 12
+1 6
-1 24
+7 24
+11 6
+2 6
-1 6
+4 6
-5 6
+1 6
-1 12
+2 6
-1 6
+2 6
+3 6
+4 6
-9 6
+2 6
+1 6
+1 6
+1 6
+4 6
+1 9
+5 6
-16 3
+16 15
+10 3
-10 6
-16 3
+16 15
+10 3
+3 3
+5 1
-1 1
+3 1
-1 1
-1 1
+1 1
+3 3
+1 2
+3 2
+4 4
+6 1
cfi=(27) /usr/src/debug/glibc-2.17-c758a686/elf/../elf/dl-tls.c
cfn=(140) _dl_next_tls_modid
calls=1 52 
* 6
* 2
+1 1
+60 6
+1 9
+1 3
-6 6
+1 3
1114 2
+1 7
1262 9
+13 24
+2 6
+14 3
+5 18
cfi=(34)
cfn=(112)
calls=3 32 
* 105
+4 3
-4 3
+4 3
+7 3
+1 3
-1 3
+1 3
+2 3
-3 3
+1 3
+2 3
+10 3
+2 3
+33 18
+1 9
+2 12
+8 24
+6 3
+2 3
-2 3
+1 3
+2 3
-1 3
+1 3
-1 9
+8 6
+3 6
+11 21
cfi=(36)
cfn=(116)
calls=3 30 
* 1998
+1 15
+5 6
+15 6
-74 30
+2 12
+2 24
cfi=(34)
cfn=(112)
calls=3 32 
* 93
* 6
1065 3
1421 12
+9 6
fi=(3) /usr/src/debug/glibc-2.17-c758a686/elf/get-dynamic-info.h
38 3
fe=(23)
1430 3
fi=(3)
38 3
+6 3
-2 3
+2 6
+7 3
+5 3
+3 3
-1 3
-3 3
-3 66
+10 15
-18 45
+8 58
+10 58
-18 174
+18 2
-18 6
+2 150
+5 68
+2 8
+16 6
+20 12
+1 12
+1 12
+1 12
+2 12
+5 12
+1 11
+1 11
+35 9
+5 2
+2 2
-2 2
+2 2
+2 4
+2 4
+1 1
+2 9
+10 2
-8 4
+9 4
-1 2
+5 4
+1 2
+2 6
fe=(23)
1436 6
+16 9
+19 6
+2 15
+51 9
+1 2
+3 2
cfi=(32)
cfn=(120)
calls=1 81 
* 5
* 4
cfi=(32)
cfn=(120)
calls=2 81 
* 10
* 6
+8 15
+3 9
+2 3
-2 3
+2 3
+16 6
cfi=(6)
cfn=(10)
calls=3 865 
* 60
+4 6
+1 6
+17 6
+1 1
+3 1
+6 1
-6 1
+1 2
+5 1
-6 2
+6 2
-6 2
+1 4
+5 2
+10 6
+10 9
cfi=(15)
cfn=(48) _dl_add_to_namespace_list
calls=3 33 
* 132
+4 9
fi=(3)
56 8
fe=(23)
1317 3
-1 15
cfi=(35)
cfn=(114)
calls=3 81 
* 15
* 3
fi=(3)
59 8
+1 2
+1 8
fe=(23)
1359 10
+2 2
-1 6
+1 4
-1 2
+1 4
-1 4
+3 8
+43 8
cfi=(34)
cfn=(112)
calls=1 32 
* 31
+3 2
1536 6
937 2

fn=(72)
489 7
+2 1
-2 9
+4 3
cfi=(17)
cfn=(74)
calls=1 340 
* 243
* 6
cfi=(17)
cfn=(74)
calls=2 340 
* 207
* 9
+3 4
cfi=(10)
cfn=(20)
calls=2 28 
* 89
+4 2
-4 2
+4 2
+7 12
+12 25
+1 10
+18 4
+4 6
+1 6
-1 2
+1 2
-2 2
cfi=(17)
cfn=(40)
calls=2 93 
* 68
* 2
+3 2
-3 2
+3 6
+5 2
+1 6
-2 2
+2 2
cfi=(18)
cfn=(68)
calls=2 61 
* 58
+3 2
-3 2
+3 2
-2 2
+2 2
+1 1
+5 4
+1 2
-1 4
+1 26
+1 20
+3 2
-1 4
+1 2
+7 2
+1 2
+3 6
-68 4
+5 4
+3 6
+23 4
+42 1
+3 9
-14 4

fn=(100)
1681 130
+36 13
-36 26
+36 26
+21 52
cfi=(32)
cfn=(102)
calls=13 81 
* 105
+1 13
-1 13
+1 13
+10 3
+1 6
+5 18
cfi=(32)
cfn=(104)
calls=3 81 
* 15
+2 6
+2 3
+2 3
-2 3
+2 3
-2 3
+8 6
+16 15
cfi=(14) /usr/src/debug/glibc-2.17-c758a686/string/../string/memcmp.c
cfn=(30) bcmp
calls=3 319 
* 258
* 6
+2 3
-2 6
+4 12
cfi=(14)
cfn=(30)
calls=3 319 
* 240
-4 6
+60 6
+5 6
+3 12
+5 6
+7 3
+1 3
-1 12
+1 9
+1 3
+15 127
+1 42
+4 8
+1 4
+13 2
+1 2
+2 2
-3 2
+1 2
-1 2
+1 2
-2 2
+4 4
+5 2
+1 2
-13 8
cfi=(14)
cfn=(30)
calls=2 319 
* 146
* 8
cfi=(14)
cfn=(30)
calls=2 319 
* 160
* 8
+16 4
+6 2
-3 2
+1 2
+1 2
+1 4
+1 8
-4 2
+1 2
+1 2
-1 6
-1 2
+4 4
+5 10
+8 96
1814 1
1931 8
1783 8
cfi=(14)
cfn=(30)
calls=2 319 
* 176
* 4

fn=(98)
419 9
+10 2
-10 1
+10 1
cfi=(25)
cfn=(70)
calls=1 40 
* 169
* 2
161 2
cfi=(10)
cfn=(20)
calls=1 28 
* 97
* 1
+1 2
cfi=(17)
cfn=(40)
calls=1 -69 
* 34
* 1
+2 2
444 1
167 2
444 6
167 2
cfi=(18)
cfn=(46)
calls=1 61 
* 56

fl=(18)
fn=(68)
61 32
+4 32
+3 32
+1 32
+2 13
+1 13
+2 13
+1 13
+5 13
+1 13
-1 19
+1 19
+2 19
+1 19
+2 19
+1 19
+5 19
+1 19
-1 13
+1 13
+2 12
+1 12
+2 12
+1 12
+5 12
+1 12
-1 20
+1 20
+2 18
+1 18
+2 18
+1 36
+5 18
+1 18
-1 14
+1 17
+5 3
+1 3
+1 3
+1 3
+2 3
+2 3
+1 3
+2 3
+6 32
+4 32
+12 1
+2 1
+1 1
+26 1
+1 1
+3 1
+1 1
+1 1
+5 1
+2 1
+1 1
+1 1
+1 1
+2 1
+1 1
+1 1
+1 1
+2 1
+1 1
+2 1
+2 1
+2 1
+1 1
+1 1
+1 1
+2 1
+1 1
+1 1
+1 1
+2 1
+1 1
+2 3
+5 1
+2 1

fn=(46)
61 21
+2 21
+2 21
+3 21
+1 21
+2 6
+1 6
+2 6
+1 6
+5 6
+1 6
-1 15
+1 15
+2 3
+1 3
+2 3
+1 6
+5 3
+1 3
-1 18
+1 18
+2 4
+1 4
+2 4
+1 4
+5 4
+1 4
-1 17
+1 17
+2 12
+1 12
+2 12
+1 12
+5 12
+1 12
-1 9
+1 19
+5 10
+1 10
+1 10
+1 10
+2 10
+2 10
+1 10
+2 10
+8 21
+8 4
+6 4
+2 4
+1 4
+3 1
+1 3
+5 1
+1 1
+2 1
+2 1
+1 1
+2 1
-8 3
+1 3
+2 3
+2 3
+1 3
+2 5
+9 1
+1 1
-1 3
+1 3
+3 4
+1 4
+1 4
+5 4
+2 4
+1 4
+1 4
+1 4
+2 4
+1 4
+1 4
+1 4
+2 4
+1 4
+2 4
+2 2
+2 2
+1 2
+1 2
+1 2
+2 2
+1 2
+1 2
+1 2
+2 2
+1 2
+2 6
+5 2
+6 2
+1 2
-7 2
+6 2
+1 2

fl=(38)
fn=(130)
36 8
-1 8
+1 8
+1 48
+4 2
-4 24

fl=(26)
fn=(80) _dl_debug_state
75 2

fn=(76)
51 10
+5 8
+5 2
-1 1
+1 2
+1 2
-1 2
-9 5
+4 10
+4 1
-1 1
-59 5

fl=(8)
fn=(14)
31 1
-3 1
+3 6
+8 1
-6 2
+7 1

fl=(30)
fn=(90)
26 6
+9 6
+1 12
+1 6
+4 6
+1 6
+1 6
+1 6
+1 6
+2 12
+2 6
+1 6
+1 6
+2 12
+2 6
+4 6
+1 6

fl=(14)
fn=(30)
319 17
+3 17
-3 85
+4 17
-4 17
+7 34
+4 15
+2 1
+1 1
+1 1
+1 1
+2 2
-5 1
+1 1
+1 1
+1 1
+2 2
+2 2
-9 6
+16 5
+1 10
-1 10
133 14
-18 6
350 4
+4 3
+2 3
-2 6
+1 3
+5 30
+2 13
+1 13
+1 13
+3 143
-3 81
-2 81
+1 81
+4 162
-7 182
+12 12
+1 136
232 3
-7 3
+1 3
+4 3
+2 3
-6 3
+4 3
+2 15
-95 2
+1 2
+1 2
+1 2
+1 2
+48 2
-2 2
+1 2
+1 14
-80 2
+1 4
+4 4
-5 8
+1 16
+4 18
238 3
+2 3
-4 3
+1 3
+4 3
-2 3
+56 6
-2 3
+2 6
-1 3
+1 6
+1 6
+12 18
+1 6
-6 6

fl=(40) /usr/src/debug/glibc-2.17-c758a686/string/strdup.c
fn=(138) strdup
40 8
+1 2
cfi=(10)
cfn=(20)
calls=2 -13 
* 68
* 2
+1 4
cfi=(17)
cfn=(40)
calls=2 +51 
* 68
* 2
+2 4
+4 2
-1 4
+1 4
-1 4
cfi=(18)
cfn=(46)
calls=2 +14 
* 54

fl=(60)
fn=(224)
90 10
+5 1
-4 1
-1 1
+2 1
+3 2
+7 6
+28 3
+1 4
-97 3
+97 16
-97 12
+9 4
-3 8
+3 12
+5 9
+5 4
+8 4
+2 4
+4 8
cob=(2) ???
cfi=(16) ???
cfn=(258) 0x0000000004c2b170
calls=1 -67 
* 6
cob=(3)
cfi=(62) /usr/src/debug/glibc-2.17-c758a686/csu/../csu/init-first.c
cfn=(238) _init
calls=1 -15 
* 148
+4 2
+1 4
+6 4
+2 4
-2 2
+3 12
+1 8
cob=(4)
cfi=(55)
cfn=(262) 0x00000000000056d0
calls=1 -82 
* 16
cob=(3)
cfi=(67) /usr/src/debug/glibc-2.17-c758a686/string/../sysdeps/x86_64/cacheinfo.c
cfn=(248) init_cacheinfo
calls=1 478 
* 1877
* 2
-1 8
+49 10
+4 1
+1 8
-86 4
-15 3
+9 1
-3 2
+3 3
+5 3
+5 2
+8 2
+2 2
+4 5
cob=(2)
cfi=(16)
cfn=(226) 0x0000000004a24510
calls=1 -67 
* 6
* 1
+4 1
+1 2
+6 2
+2 2
-2 1
+3 6
+1 4
cob=(5) /usr/sup/valgrind-3.11.0/lib/valgrind/vgpreload_core-amd64-linux.so
cfi=(61) ???
cfn=(230) 0x0000000000000640
calls=1 -82 
* 17
* 1
-1 4
+17 2
-54 3

fl=(108) /usr/src/debug/glibc-2.17-c758a686/elf/dl-fini.c
fn=(568) _dl_fini
132 3
+12 1
-12 5
+19 1
-6 1
+9 10
+3 2
cfi=(2)
cfn=(50) rtld_lock_default_lock_recursive
calls=1 917 
* 2
+3 2
+3 2
+2 7
+11 3
+2 2
+3 21
+11 2
+2 10
+4 5
+2 5
-2 10
+6 5
-5 5
-7 15
+19 6
cfn=(570) _dl_sort_fini
calls=1 33 
* 352
+9 2
cfi=(2)
cfn=(52) rtld_lock_default_unlock_recursive
calls=1 923 
* 2
+4 4
+2 1
+2 3
-2 4
+2 12
+3 10
+3 15
+4 6
+7 6
+4 3
+1 3
-1 3
+2 6
+1 9
+1 6
cob=(4)
cfi=(55)
cfn=(610) 0x0000000000005690
calls=1 0 
* 75
cob=(5)
cfi=(61)
cfn=(584) 0x0000000000000600
calls=1 0 
* 1115
cob=(6)
cfi=(69)
cfn=(572) 0x0000000000400c70
calls=1 0 
* 17
-1 9
+5 9
+1 9
cob=(2)
cfi=(16)
cfn=(626) 0x0000000004c962d8
calls=1 0 
* 3
cob=(2)
cfi=(16)
cfn=(608) 0x0000000004a247a8
calls=1 0 
* 3
cob=(2)
cfi=(16)
cfn=(582) 0x0000000000402894
calls=1 0 
* 3
+5 30
+16 10
-55 11
-70 2
284 6
-49 4
+55 2
+7 8

fn=(570)
33 8
+2 1
-2 3
+2 1
+6 1
-1 3
+1 2
-1 1
+1 14
+1 3
-1 1
+1 1
cfi=(36)
cfn=(116)
calls=1 -12 
* 16
+15 8
+62 5
+3 24
cfi=(36)
cfn=(116)
calls=3 -92 
* 30
* 12
-76 9
+1 9
+4 9
+71 2
-76 3
+1 3
+4 11
+6 4
+1 4
-1 4
+1 10
+2 12
+1 6
-1 12
+1 9
+3 21
-1 30
+31 18
+21 6
-57 12
+61 16
+7 8

fl=(27)
fn=(214) _dl_allocate_tls_init
443 7
+1 1
-1 1
+1 1
+4 1
+6 2
-6 2
+6 2
+12 1
-15 1
-1 2
+21 6
+6 12
+3 1
+1 2
+7 1
+2 1
-2 2
+2 3
+1 1
+3 2
-1 2
+18 1
-2 1
-8 1
+8 2
-8 1
+8 1
cfi=(18)
cfn=(68)
calls=1 61 
* 23
* 4
cfi=(36)
cfn=(116)
calls=1 30 
* 150
* 2
-38 3
+52 2
+2 1
+1 8

fn=(188) _dl_add_to_slotinfo
879 6
+6 1
+3 2
+5 5
+41 1
+1 3
+1 6

fn=(156) _dl_allocate_tls_storage
349 1
+13 1
-13 2
+2 1
+11 2
cfi=(17)
cfn=(44)
calls=1 51 
* 78
* 1
+1 1
-1 1
+1 1
+7 1
+4 306
-58 1
+1 1
-1 1
+1 2
cfi=(17)
cfn=(36)
calls=1 102 
* 43
* 1
+1 2
+9 1
-6 1
+6 1
+64 5

fn=(154) _dl_determine_tlsoffset
144 1
+34 1
-34 1
+34 2
-45 1
+1 1
+2 1
-3 1
+2 1
-2 1
+43 1
-43 2
+50 1
-1 1
+5 2
-4 1
-1 1
+7 1
-7 1
+3 2
+2 1
+2 1
-2 2
+16 5
+2 1
+1 1
-1 2
+4 1
+6 1
-12 1
-25 5
+40 1
+53 4
-1 1
+1 3
-52 1
+52 1

fn=(78) _dl_count_modids
111 2
+1 2

fn=(140)
52 3
+48 2
+4 1

fl=(35)
fn=(220) munmap
81 4
+1 1

fn=(114)
81 32
+1 8

fl=(15)
fn=(32)
62 44
+1 4
-1 8
+1 4
cfi=(10)
cfn=(20)
calls=4 -35 
* 228
+6 4
-6 12
+6 44
+7 16
cfi=(17)
cfn=(36)
calls=4 +26 
* 225
* 4
+3 4
-3 4
+3 4
+4 4
+5 4
-6 4
+6 4
-5 4
+5 4
-1 8
+1 4
cfi=(18)
cfn=(46)
calls=4 -27 
* 120
* 4
+4 4
-2 4
+3 4
-1 4
+1 16
+3 4
-3 4
+3 4
+9 4
-7 4
+4 4
+3 9
+2 2
-2 2
+2 30
-2 30
+12 4
+6 4
-5 4
-1 4
+6 12
-2 4
+2 8
+2 9
+3 9
+4 9
+4 9
+2 1
+6 1
+3 2
+3 5
-3 6
+3 15
+2 3
+4 3
-4 3
cfi=(10)
cfn=(20)
calls=3 28 
* 165
* 6
+4 3
-4 3
+4 9
+64 6
+4 32
-88 9
-39 9
+39 3
+70 9
cfi=(18)
cfn=(68)
calls=3 61 
* 108
* 3
+5 50
+1 50
-1 50
+1 53
-1 3
+1 9
+5 6
-57 6
cfi=(17)
cfn=(40)
calls=3 -67 
* 102
* 3
+1 3
-1 3
+1 9

fn=(48)
33 8
+2 4
-2 12
+2 4
cfi=(2)
cfn=(50)
calls=4 917 
* 8
+2 29
+4 6
-1 27
+2 3
+2 3
+4 3
+4 3
-4 6
+1 6
+1 6
+2 3
+1 9
-1 3
cfi=(2)
cfn=(52)
calls=3 923 
* 6
-4 1
+4 1
-4 2
+1 2
+1 2
+2 1
+1 3
-1 1
cfi=(2)
cfn=(52)
calls=1 923 
* 2
-5 2

fl=(11)
fn=(22)
34 4
+8 6
+4 2
+11 5

fl=(39)
fn=(218) _dl_unload_cache
316 4
-1 1
+3 2
cfi=(35)
cfn=(220)
calls=1 81 
* 5
+1 1
+2 2

fn=(132)
185 18
+8 4
+3 6
+45 4
+6 2
-6 1
+6 2
+8 2
+20 2
-20 2
+7 2
-7 2
+20 2
-20 2
+7 4
-7 2
+7 2
+13 350
cfn=(136) _dl_cache_libcmp
calls=22 139 
* 1632
* 100
-76 4
cfi=(31)
cfn=(134)
calls=1 43 
* 94
+8 1
-8 1
+8 4
+1 4
cfi=(14)
cfn=(30)
calls=1 319 
* 112
* 2
+7 1
-3 1
+3 3
+3 1
+1 2
-1 1
+1 1
+1 3
cfi=(14)
cfn=(30)
calls=1 +99 
* 111
* 2
+2 2
+53 28
cfn=(136)
calls=2 139 
* 144
* 10
-12 6
+12 2
-12 4
-1 4
+13 46
+16 4
+4 4
+8 4
cfi=(10)
cfn=(20)
calls=2 28 
* 133
* 34
+1 2
-1 2
+1 4
cfi=(18)
cfn=(46)
calls=2 61 
* 54
+1 4
cfi=(40)
cfn=(138)
calls=2 40 
* 226
+1 16

fn=(136)
139 72
+1 52
+2 242
+2 121
-2 121
+2 4
+6 2
+2 2
-1 2
-1 2
+1 2
-1 2
+2 6
+2 10
+2 4
+6 238
+2 432
+4 97
+1 97
-29 194
+32 4
+1 4
-8 22
+8 44

fl=(13) /usr/src/debug/glibc-2.17-c758a686/elf/dl-environ.c
fn=(28) _dl_next_ld_env_entry
30 3
+3 11
+2 92
+11 44
-13 132
-2 1
+19 1
-14 20
+5 2
-3 2
+3 2
+2 2

fl=(33)
fn=(110)
36 4
-1 4
+1 4
+1 24
+4 4

fl=(71)
fn=(282)
68 26
+6 26
-6 13
+3 13
-1 13
+1 13
+3 13
+1 13
-1 26
+1 39
+1 13
-1 13
+1 26
+9 26
+4 39
+4 24
+1 48
+2 48
+7 39
-1 13
+11 117
cfi=(6)
cfn=(164)
calls=13 716 
* 15137
* 13
+4 39
+10 78
+16 13
-8 13
+8 39
+4 39
fi=(5)
+85 13
fe=(71)
-81 39
-64 2

fl=(2)
fn=(152) init_tls
803 1
-1 1
-6 1
+2 2
+4 1
+10 2
-4 1
+4 2
cfi=(17)
cfn=(36)
calls=1 102 
* 43
* 1
-1 1
+6 1
-9 1
+11 1
+6 1
-1 1
+1 12
+2 10
+4 1
+2 1
-2 2
-5 10
+12 1
cfi=(27)
cfn=(154)
calls=1 144 
* 56
+7 1
cfi=(27)
cfn=(156)
calls=1 349 
* 455
+1 1
-1 1
+1 1
+6 1
+8 1
-8 1
+8 6
+4 2
+3 2

fn=(52)
923 12

fn=(144)
736 2
+2 4
cfi=(41)
cfn=(146)
calls=1 381 
* 4518
* 2
+4 2

fn=(2)
441 9
+18 4
fi=(3)
44 1
fe=(2)
459 1
fi=(5)
59 3
fi=(3)
-15 1
fe=(2)
488 1
-3 1
fi=(3)
44 1
+17 2
-3 1
-7 1
+5 1
+3 1
+2 1
-3 1
-3 1
-3 2
-5 28
+15 14
-18 42
+18 1
-18 3
+2 40
+5 24
+1 20
+10 5
-18 15
+25 2
+20 4
+1 4
+1 4
+1 4
+2 4
+5 4
+1 4
+1 4
fe=(2)
621 34
fi=(4)
111 1
-28 1
+28 2
fi=(5)
497 3
fi=(4)
111 2
fi=(5)
497 1
fi=(4)
111 1
fi=(5)
497 27
fi=(4)
111 18
fi=(5)
497 9
fi=(4)
111 9
+13 1
fi=(5)
309 1
fi=(4)
124 2
+13 1
+2 2
-2 1
fi=(5)
263 1
fi=(4)
137 1
fi=(5)
291 1
fi=(4)
137 2
fi=(5)
291 1
fi=(4)
137 7
+2 14
-2 7
fi=(5)
263 7
fi=(4)
137 7
fi=(5)
291 7
fi=(4)
137 14
fi=(5)
291 7
+9 16
+3 8
-3 16
+3 24
+6 48
fi=(3)
53 4
+3 4
+3 4
+1 1
+1 2
fe=(2)
378 1
623 1
378 1
cfi=(6)
cfn=(10)
calls=1 865 
* 23
+1 2
+1 2
+1 2
+1 2
+20 1
+9 1
-9 3
+9 1
-6 1
-3 1
+9 1
cfi=(7)
cfn=(12)
calls=1 86 
* 161069
* 1
+9 4
+3 1
+4 1
-4 1
+4 1
648 9
fi=(5)
398 8
+9 8
fi=(4)
124 25
fe=(2)

fn=(24)
1005 10
+19 1
2598 1
1005 1
2598 1
1005 1
+19 1
+3 1
-22 2
+22 1
+4 2
+1 2
+5 2
2591 2
+7 1
-5 1
+5 4
+5 1
cfi=(12)
cfn=(26)
calls=1 37 
* 295
* 1
-9 4
+11 2
cfi=(13)
cfn=(28)
calls=1 30 
* 182
* 4
cfi=(13)
cfn=(28)
calls=2 30 
* 130
* 9
+4 48
+1 19
-1 57
+3 4
+6 16
2766 3
+30 3
1045 2
-2 1
+2 1
1241 7
cfi=(15)
cfn=(32)
calls=1 62 
* 244
* 1
+3 1
+1 1
+5 2
-5 1
+1 1
1014 1
1246 1
+4 1
cfi=(15)
cfn=(48)
calls=1 33 
* 34
* 3
+30 1
-3 1
-5 1
+1 1
+2 1
+5 6
+56 2
1011 1
1336 2
-55 24
-1 27
+1 47
-1 2
1383 3
+3 2
+2 2
+2 2
+13 2
+1 8
cfi=(19)
cfn=(54)
calls=1 134 
* 7
* 3
+11 1
-4 1
+1 1
-3 1
+6 1
+6 2
fi=(3)
29 1
+9 2
+6 1
-2 1
+2 2
+7 1
+5 1
+3 1
+2 1
-3 1
-3 1
-3 14
+10 3
-18 9
+8 21
+10 21
-18 63
+2 48
+5 12
+18 3
+67 3
+14 3
+18 2
fe=(2)
1426 2
cfi=(6)
cfn=(10)
calls=1 865 
* 14
+3 2
fi=(20) /usr/src/debug/glibc-2.17-c758a686/elf/setup-vdso.h
24 2
fe=(2)
1451 1
cfi=(21)
cfn=(60)
calls=1 45 
* 93
* 8
1285 3
+1 1
+90 2
+1 2
+1 1
-6 2
+1 1
-37 2
-1 2
+1 4
-1 2
+2 4
+1 1
+3 2
+1 2
-1 2
+1 2
+1 2
+1 6
+1 2
-45 1
+9 1
-9 1
+9 1
-7 1
+25 1
-25 1
-3 1
+10 1
-19 3
+1 1
2693 4
+1 4
cfi=(14)
cfn=(30)
calls=1 319 
* 120
* 2
+2 3
-57 4
cfi=(14)
cfn=(30)
calls=1 319 
* 26
* 2
+7 4
cfi=(14)
cfn=(30)
calls=1 319 
* 80
* 2
+2 3
1456 2
cfi=(23)
cfn=(64)
calls=1 710 
* 1985
+3 3
cfi=(26)
cfn=(76)
calls=1 51 
* 17
+7 1
-7 1
+2 1
+5 1
+3 3
+1 1
+3 1
-3 3
+1 2
+3 1
+5 1
-7 1
+7 1
+1 5
+4 1
+4 1
-2 4
+1 2
+1 3
+5 2
+1 6
+2 2
+1 2
+5 2
+6 4
+1 2
-2 1
1020 1
1688 1
cfi=(27)
cfn=(78)
calls=1 111 
* 4
* 1
+8 3
+3 2
+4 3
+7 1
+4 3
+19 3
+16 3
cfi=(32)
cfn=(122)
calls=1 81 
* 9
* 2
+77 4
+17 3
+1 1
-1 1
+1 2
-1 1
+1 5
cfi=(37)
cfn=(124)
calls=1 147 
* 16342
+1 1
+5 1
-5 3
+2 2
+3 4
+1 4
-1 2
+1 16
-1 8
+4 3
+1 3
+1 1
+2 2
+1 5
-1 5
+1 6
-1 9
-28 11
168 2
1872 1
-1 2
+1 1
+2 1
+2 3
+2 1
-4 1
+4 2
+15 2
+1 3
+13 1
-2 1
+2 1
-2 1
+2 1
-1 1
-1 2
+2 1
cfi=(29)
cfn=(142)
calls=1 197 
* 4558
+10 1
+1 1
-1 1
+1 1
+1 1
cfn=(152)
calls=1 803 
* 626
* 1
+2 2
932 1
fi=(112) /usr/src/debug/glibc-2.17-c758a686/elf/../sysdeps/unix/sysv/linux/dl-osinfo.h
86 2
fe=(2)
934 1
fi=(112)
112 1
fe=(2)
943 1
+7 1
-5 1
1926 2
2159 3
+56 1
+4 1
+7 1
-11 1
+4 3
+4 2
+3 1
+8 2
+99 4
+2 1
+5 2
cfi=(27)
cfn=(214)
calls=1 443 
* 254
+4 2
+16 2
+29 1
cfi=(7)
cfn=(216)
calls=1 251 
* 1
+4 3
+20 3
cfi=(26)
cfn=(76)
calls=1 51 
* 8
+1 1
-1 1
+2 1
cfi=(26)
cfn=(80)
calls=1 75 
* 1
+1 1
+4 1
cfi=(39)
cfn=(218)
calls=1 316 
* 15
+5 8
1445 3
1735 3
+1 1
-1 2
+1 1
cfn=(82) handle_ld_preload
calls=1 970 
* 3622
* 1
+1 4
+2 3
-31 2
+1 1
cfi=(26)
cfn=(80)
calls=1 75 
* 1
* 1
2360 2
+15 1
+3 1
-3 1
+3 1
-3 2
+3 2
-3 1
+2 1
+1 1
cfi=(42)
cfn=(158)
calls=1 148 
* 9195
+1 4
+2 3
2209 1
1013 2
1869 2
2280 3
+7 1
+2 11
+2 1
+2 15
+5 10
+2 10
+8 5
-2 5
+2 10
+1 32
cfi=(42)
cfn=(158)
calls=4 148 
* 121391
+4 17
-22 14
+25 4
+2 1
+6 1
-6 1
+6 1
1830 6
+1 1
-1 2
+4 1
+1 1
-1 1
+2 2
2302 1
+1 1
-3 2
+14 2
cfi=(27)
cfn=(188)
calls=1 879 
* 24
* 1

fn=(50)
917 12

fn=(88)
877 14

fn=(82)
970 9
+1 1
-76 1
+86 1
-11 2
-75 6
+80 3

ob=(2)
fl=(16)
fn=(364) 0x0000000004f478c0
0 1
cob=(3)
cfi=(78) /usr/src/debug/glibc-2.17-c758a686/malloc/malloc.c
cfn=(330) malloc
calls=1 2888 
0 176

fn=(626)
0 3

fn=(258)
0 6

fn=(616) 0x0000000004c2b308
0 1
cob=(3)
cfi=(109) /usr/src/debug/glibc-2.17-c758a686/stdlib/cxa_finalize.c
cfn=(596) __cxa_finalize
calls=1 30 
0 53

fn=(556) 0x0000000004f478c8
0 1
cob=(3)
cfi=(78)
cfn=(478) free
calls=1 2924 
0 292

fn=(226)
0 6

fn=(608)
0 3

ob=(1)
fl=(2)
fn=(82)
fi=(28) /usr/src/debug/glibc-2.17-c758a686/elf/../string/bits/string2.h
984 3
+1 5
-1 264
+1 132
+1 66
-2 66
+2 66
-2 199
+2 1
-2 3
fe=(2)
-5 3
+10 4
108 3
992 2
890 1
+5 5
-10 1
+4 1
+1 1
+1 1
+2 1
+2 1
cfi=(29)
cfn=(86)
calls=1 159 
* 2650
+1 2
+8 3
+89 1
-18 3
+21 9
-15 4
cfi=(18)
cfn=(46)
calls=1 61 
* 94
* 1
+1 3

ob=(2)
fl=(16)
fn=(582)
0 3

ob=(1)
fl=(2)
fn=(92)
704 2
+2 7
cfi=(23)
cfn=(94)
calls=1 2094 
* 2580

ob=(2)
fl=(16)
fn=(294) 0x0000000000400998
0 6

ob=(1)
fl=(2)
fn=(92)
706 1
+2 2

ob=(3)
fl=(62)
fn=(238)
52 8
+6 6
+17 1
fi=(63) /usr/src/debug/glibc-2.17-c758a686/csu/../sysdeps/unix/sysv/linux/x86_64/init-first.c
-35 2
fe=(62)
+33 1
+1 1
fi=(63)
-34 1
-2 2
fe=(62)
+37 1
fi=(63)
-37 3
+2 1
cfi=(46) /usr/src/debug/glibc-2.17-c758a686/elf/../sysdeps/unix/sysv/linux/dl-vdso.c
cfn=(176) _dl_vdso_vsym
calls=1 -13 
* 7
+1 2
+5 2
-3 2
+1 1
+2 1
cfi=(46)
cfn=(176)
calls=1 -19 
* 7
fe=(62)
+43 1
fi=(63)
-39 1
fe=(62)
+39 2
fi=(63)
-39 2
+1 2
+1 1
fe=(62)
+37 1
cfi=(64) /usr/src/debug/glibc-2.17-c758a686/misc/init-misc.c
cfn=(242) __init_misc
calls=1 -59 
* 58
+8 1
cfi=(66) /usr/src/debug/glibc-2.17-c758a686/ctype/ctype-info.c
cfn=(246) __ctype_init
calls=1 -65 
* 16
+5 6
-35 1
-9 1
+9 4
fi=(63)
-25 2
fe=(62)

fl=(83) /usr/src/debug/glibc-2.17-c758a686/misc/sbrk.c
fn=(340) sbrk
34 17
+8 17
-8 51
+8 99
+4 34
+4 53
+3 14
cfi=(84) /usr/src/debug/glibc-2.17-c758a686/misc/../sysdeps/unix/sysv/linux/x86_64/brk.c
cfn=(342) brk
calls=14 -22 
* 182
* 28
+4 85
-14 34
cfi=(84)
cfn=(342)
calls=17 -12 
* 221
* 68
+9 2
+1 4

fl=(94) /usr/src/debug/glibc-2.17-c758a686/io/../sysdeps/unix/sysv/linux/wordsize-64/xstat.c
fn=(396) _xstat
36 1
-1 1
+1 1
+1 6
+4 1

fl=(47)
fn=(178)
30 1
+1 1
+1 1
+1 1
+2 1

fl=(50)
fn=(186)
0 15

fl=(44)
fn=(180)
120 1
+2 1
+1 1
+1 1
+9 1

fn=(172)
100 1
+2 1
+1 1
+1 1
+9 1

fl=(65) /usr/src/debug////////glibc-2.17-c758a686/string/../sysdeps/x86_64/strrchr.S
fn=(244) __GI_strrchr
25 1
+1 1
+1 1
+1 1
+1 1
+1 1
+1 1
+1 1
+1 1
+1 1
+1 1
+1 1
+1 1
+1 1
+1 1
+1 1
+1 1
+1 1
+1 1
+1 1
+1 1
+1 1
+1 1
+13 1
+1 1
+1 1
+1 1
+7 1
+1 1
+1 1
+1 1
+1 1
+1 1
+1 1

fl=(110) /usr/src/debug/glibc-2.17-c758a686/nptl/../nptl/sysdeps/unix/sysv/linux/unregister-atfork.c
fn=(598) __unregister_atfork
36 2
-8 4
+11 4
+82 4

fl=(75) /usr/src/debug////////glibc-2.17-c758a686/setjmp/../sysdeps/x86_64/setjmp.S
fn=(308) __sigsetjmp
26 1
+9 1
+1 2
+1 1
+4 1
+1 1
+1 1
+1 1
+1 1
+2 2
+2 1
+1 1
+1 1
+2 2
+2 1
+9 1
cfi=(76) /usr/src/debug/glibc-2.17-c758a686/setjmp/sigjmp.c
cfn=(310) __sigjmp_save
calls=1 -35 
* 9

fl=(45)
fn=(174)
36 1
+1 1
+3 2
-3 4
+3 1
cfi=(46)
cfn=(176)
calls=1 -13 
* 7
* 3
+1 3

fl=(107) /usr/src/debug/glibc-2.17-c758a686/stdlib/exit.c
fn=(564) exit
98 2
+1 2
-1 1
+1 1
cfn=(566) __run_exit_handlers
calls=1 -63 
* 2233

fn=(566)
36 9
+5 6
+4 3
-4 3
+4 3
+3 1
-1 1
+2 5
+33 1
+1 1
-1 1
+1 1
+6 2
+1 5
cfi=(88) /usr/src/debug/glibc-2.17-c758a686/libio/genops.c
cfn=(628) _IO_cleanup
calls=1 1013 
* 286
* 3
+2 2
cfi=(111) /usr/src/debug/glibc-2.17-c758a686/posix/../sysdeps/unix/sysv/linux/_exit.c
cfn=(642) _Exit
calls=1 -64 
* 5
-19 1
+4 2
-2 2
+2 1
cob=(1)
cfi=(108)
cfn=(568)
calls=1 +55 
* 1888
+1 1

fl=(89) /usr/src/debug/glibc-2.17-c758a686/libio/fileops.c
fn=(430) _IO_file_read
1252 60
cfi=(90) /usr/src/debug////////glibc-2.17-c758a686/io/../sysdeps/unix/syscall-template.S
cfn=(432) read
calls=15 81 
* 105

fn=(552) _IO_file_finish@@GLIBC_2.2.5
211 4
+1 2
+7 1
-1 2
+1 2
-1 1
cfi=(88)
cfn=(554) _IO_default_finish
calls=1 689 
* 24

fn=(512) _IO_file_overflow@@GLIBC_2.2.5
831 724
+1 543
+7 1263
+35 362
+3 362
+3 543
+1 543
+1 724
+4 181
+1 724
-45 2
+12 2
+9 4
+8 1
-4 1
+3 2
-2 2
-3 1
+1 2
+5 1
-1 1
+1 3
+1 2
+12 14
-1 7
+1 7
-1 7
cfn=(518) _IO_do_write@@GLIBC_2.2.5
calls=7 516 
* 693
* 14
-39 2
cfi=(88)
cfn=(414) _IO_doallocbuf
calls=1 415 
* 156
+1 6

fn=(542) _IO_file_close_it@@GLIBC_2.2.5
167 3
+2 1
-2 1
+2 2
+4 1
+3 1
-3 1
-1 2
+6 1
+3 1
-3 1
cfi=(88)
cfn=(544) _IO_unsave_markers
calls=1 1122 
* 9
+3 2
+4 3
+9 5
cfi=(88)
cfn=(424) _IO_setb
calls=1 400 
* 39
+1 2
+3 1
-3 1
+1 3
+2 1
cfi=(88)
cfn=(540) _IO_un_link
calls=1 61 
* 10
+5 2
-4 1
+1 1
+1 1
+2 1
+1 4
-23 1
fi=(99) /usr/src/debug/glibc-2.17-c758a686/libio/libioP.h
957 3
+2 2
+1 2
fe=(89)
181 2
cfn=(546) _IO_file_close
calls=1 1293 
* 7
* 2

fn=(374) _IO_file_fopen@@GLIBC_2.2.5
268 1
+12 1
-12 8
+11 3
+2 4
438 8
289 2
-20 1
+37 12
+41 1
233 1
+1 2
-1 1
+4 1
cfi=(90)
cfn=(376) open
calls=1 81 
* 7
* 1
+4 2
+3 1
-1 1
+1 2
+3 2
-3 1
+3 1
+10 2
cfi=(88)
cfn=(372) _IO_link_in
calls=1 100 
* 11
367 3
cfi=(91) /usr/src/debug/glibc-2.17-c758a686/string/../string/strstr.c
cfn=(380) __GI_strstr
calls=1 53 
* 25
* 1
+1 3
-83 1
-1 1
-15 2

fn=(412) _IO_file_underflow@@GLIBC_2.2.5
559 120
+8 45
+6 45
+3 30
+13 30
fi=(99)
886 45
fe=(89)
609 30
cfi=(88)
cfn=(428) _IO_switch_to_get_mode
calls=15 183 
* 360
+11 15
-5 15
fi=(99)
959 15
fe=(89)
615 30
fi=(99)
959 15
fe=(89)
616 15
+2 15
fi=(99)
960 15
fe=(89)
617 30
fi=(99)
960 15
fe=(89)
620 60
cfn=(430)
calls=15 1252 
* 165
+2 30
+10 15
-3 15
+3 30
+2 30
+1 165
-56 3
+5 2
cfi=(88)
cfn=(414)
calls=1 415 
* 143
* 2

fn=(418) _IO_file_stat
1270 2
+1 6
cfi=(97) /usr/src/debug/glibc-2.17-c758a686/io/../sysdeps/unix/sysv/linux/wordsize-64/fxstat.c
cfn=(420) _fxstat
calls=2 36 
* 20

fn=(546)
1293 2
cfi=(90)
cfn=(548) __close_nocancel
calls=1 81 
* 5

fn=(518)
516 7
+2 14
-2 35
+2 7
+12 28
+7 28
+8 7
fi=(99)
959 14
+1 14
fe=(89)
545 28
cfn=(520) _IO_file_write@@GLIBC_2.2.5
calls=7 1302 
* 301
* 7
+1 21
+6 7
-4 7
+4 7
-4 21
+1 14
+3 7
-2 7
-32 14
+1 21
-1 7
+1 7
-1 7
+1 14
+32 14
-4 28

fn=(640) _IO_file_sync@@GLIBC_2.2.5
893 4
+5 4
+2 1
+1 2
+17 1
+4 1
-4 1
+4 3

fn=(370) _IO_new_file_init_internal
144 1
+4 1
-4 3
+5 1
-1 1
+3 1
cfi=(88)
cfn=(372)
calls=1 -51 
* 82
+1 1
+1 4

fn=(520)
1302 49
+2 35
+11 7
+1 7
-12 14
+5 7
-1 21
+1 14
cfi=(90)
cfn=(522) write
calls=7 81 
* 49
+1 14
+9 21
+3 63

fn=(636) _IO_file_setbuf@@GLIBC_2.2.5
468 2
+1 1
cfi=(88)
cfn=(638) _IO_default_setbuf
calls=1 +89 
* 67
* 2
+4 2
-1 2
+2 3
+2 1
+1 2

fl=(106) /usr/src/debug/glibc-2.17-c758a686/libio/iofclose.c
fn=(538) fclose@@GLIBC_2.2.5
40 3
+14 1
-14 1
+14 3
+3 18
+4 3
-3 2
fi=(99)
885 2
+1 3
fe=(106)
63 1
fi=(99)
957 3
+2 2
+1 2
fe=(106)
63 3
cfi=(89)
cfn=(552)
calls=1 211 
* 36
+1 3
+18 6
+2 1
+1 2
cob=(2)
cfi=(16)
cfn=(556)
calls=1 -85 
* 293
+4 5
-10 2
-24 1
cfi=(88)
cfn=(540)
calls=1 +6 
* 80
* 3
+4 2
cfi=(89)
cfn=(542)
calls=1 167 
* 120
* 3
fi=(99)
886 6
fe=(106)

fl=(76)
fn=(310)
29 2
-1 2
+1 2
+5 3

fl=(82) /usr/src/debug/glibc-2.17-c758a686/malloc/morecore.c
fn=(338) __default_morecore
47 17
+1 17
cfi=(83)
cfn=(340)
calls=17 -14 
* 909
+2 51
+2 51

fl=(97)
fn=(420)
36 2
-1 2
+1 2
+1 12
+4 2

fl=(84)
fn=(342)
31 31
-3 31
+3 217
+8 31
-6 62
+7 31

fl=(72) /usr/src/debug/glibc-2.17-c758a686/csu/../csu/libc-start.c
fn=(286) (below main)
134 7
+10 1
-10 3
+10 7
+62 1
-62 1
+62 1
+1 4
cfi=(73) /usr/src/debug/glibc-2.17-c758a686/stdlib/cxa_atexit.c
cfn=(288) __cxa_atexit
calls=1 56 
* 61
+22 6
+3 2
+1 5
cob=(6)
cfi=(69)
cfn=(292) __libc_csu_init
calls=1 0 
* 57
+4 4
+15 2
+9 2
cfi=(74) /usr/src/debug////////glibc-2.17-c758a686/setjmp/../sysdeps/x86_64/bsd-_setjmp.S
cfn=(306) _setjmp
calls=1 33 
* 30
+1 2
+5 2
+1 2
+3 2
+3 6
cob=(6)
cfi=(77) /h/jfacul01/comp40/HW6/UM/HW7/machine.c
cfn=(312) main
calls=1 12 
* 6618108877

fl=(85) /usr/src/debug////////glibc-2.17-c758a686/string/../sysdeps/x86_64/memset.S
fn=(344) __GI_memset
57 173749
+1 173749
+1 173749
+1 173749
+1 173749
+2 173749
+1 173749
+1 1
+1 1
+1 1
+1 1
+1 1
+1 1
+2 108451
+10 173748
+1 173748
+1 173748
+1 173748
+1 173748
+1 173748
+1 173748
+1 173748
+1 173748
+1 173748
+1 173748
+1 173748
+1 173748
+1 239046
+3 65298
+1 65298
+1 65298
+1 65298
+1 65298
+1 65298
+1 65298
-6 1900
+1 1900
+1 1900
+1 1900
+1 1900
+1 1900
+1 1900
+1 65298

fl=(102) /usr/src/debug////////glibc-2.17-c758a686/string/../sysdeps/x86_64/memcpy.S
fn=(502) __GI_memcpy
61 8
+2 8
+2 8
+3 5
+1 5
+11 5
+1 5
+11 5
+1 5
+11 5
+1 5
+2 5
+1 5
+2 5
+1 5
+5 5
+1 5
+23 5
+8 8
+6 8
+2 8
+1 8
+26 8
+1 8
+3 1
+1 1
+1 1
+5 13
+2 13
+1 13
+1 13
+1 13
+2 13
+1 13
+1 13
+1 13
+2 13
+1 13
+2 13
+2 12
+2 12
+1 12
+1 12
+1 12
+2 12
+1 12
+1 12
+1 12
+2 12
+1 12
+2 12
+5 1
+6 1
+1 1
+19 7
+1 7
+1 7
+5 7
+1 7
+4 7
+1 7
+2 11602
+1 7
+6 7
+1 7
+1 7
+3 3
+6 3
+1 3
+2 3
+13 4
+1 4
+1 4
+3 4
+1 4
+1 4
+1 4
+2 4
+2 4
+2 4
+2 4
+3 4
+1 4
+69 1638
+2 1638
+1 1638
+1 1638
+1 1638
+1 1638
+1 1638
+1 1638
+1 1638
+2 1638
+1 1638
+2 1638
+1 1638
+1 1638
+1 1638
+1 1638
+1 1638
+1 1638
+1 1638
+2 1638
+1 1638
+2 1638
+2 1638
+2 1638
+1 1638
+1 1638
+1 1638
+1 1638
+1 1638
+1 1638
+1 1638
+2 1638
+1 1638
+2 1638
+1 1638
+1 1638
+1 1638
+1 1638
+1 1638
+1 1638
+1 1638
+2 1638
+1 1638
+2 1638
+3 4
+2 4
+2 4
+2 4
+6 4
+1 4
+1 4
+2 4
+6 4
+1 4

fl=(49)
fn=(184)
30 1
+1 1
+3 2
-3 4
+3 1
cfi=(46)
cfn=(176)
calls=1 -7 
* 7
+1 3
+1 3

fl=(95) /usr/src/debug/glibc-2.17-c758a686/libio/getc.c
fn=(406) getc
36 120440
+3 120440
-3 120440
+3 1806600
+1 722595
fi=(99)
885 240880
+1 963520
fe=(95)
43 361320
-3 30
cfi=(88)
cfn=(408) __uflow
calls=15 364 
* 2459
* 30

fl=(88)
fn=(410) _IO_default_uflow
435 15
fi=(99)
957 30
fe=(88)
435 15
fi=(99)
957 15
fe=(88)
435 30
+1 15
fi=(99)
959 30
+1 30
fe=(88)
436 30
cfi=(89)
cfn=(412)
calls=15 559 
* 1545
+1 30
+2 60
+1 60

fn=(510) __overflow
240 362
+2 543
+1 1
+1 1
fi=(99)
957 3
+2 2
+1 2
fe=(88)
244 180
fi=(99)
957 540
+2 360
+1 360
fe=(88)
244 181
+1 362
-1 181
cfi=(89)
cfn=(512)
calls=181 831 
* 6899

fn=(408)
364 60
+2 46
+6 75
+3 30
+2 30
+6 30
+7 15
fi=(99)
957 45
+2 30
+1 30
fe=(88)
390 15
+1 15
-1 15
+1 30
-1 15
cfn=(410)
calls=15 +45 
* 1905
-24 28
+22 45

fn=(424)
400 15
+1 14
+3 3
+2 12
-3 3
+3 6
+3 12
-7 7
cfi=(105) /usr/src/debug////////glibc-2.17-c758a686/misc/../sysdeps/unix/syscall-template.S
cfn=(530) munmap
calls=1 81 
* 5
* 4

fn=(540)
61 12
+1 6
+4 6
+1 10
+2 1
-2 1
+1 1
+1 19
+2 3
+2 2
+13 1
+2 1
-2 1
+2 4
+2 1
-1 1
+1 6
+1 2
+3 12
-6 6
-13 1
+1 1
-1 2

fn=(414)
415 6
+1 2
-1 2
+1 2
+6 8
-4 6
+1 2
fi=(99)
957 6
+2 4
+1 4
fe=(88)
419 4
cfi=(96) /usr/src/debug/glibc-2.17-c758a686/libio/filedoalloc.c
cfn=(416) _IO_file_doallocate
calls=2 96 
* 249
* 4

fn=(628)
1013 1
+3 1
-3 6
+3 1
cfn=(630) _IO_flush_all_lockp
calls=1 825 
* 92
-63 1
+63 1
-63 2
fi=(99)
+4 2
fe=(88)
+8 1
fi=(99)
-8 2
fe=(88)
-2 9
+2 2
-1 4
+3 4
+6 16
+8 5
+10 1
fi=(99)
-24 2
+1 2
fe=(88)
+23 4
cfi=(89)
cfn=(636)
calls=1 468 
* 82
+3 2
+7 3
-40 9
+75 9
-53 1
+4 1
-4 1
+2 1
+1 1
+1 1
-2 1
+3 4
+6 3
+1 8

fn=(638)
558 1
fi=(99)
957 2
fe=(88)
558 2
fi=(99)
957 1
fe=(88)
558 5
+1 1
fi=(99)
959 2
+1 2
fe=(88)
559 2
cfi=(89)
cfn=(640)
calls=1 893 
* 17
* 2
+9 1
-7 1
+7 1
-7 1
401 1
563 1
+1 1
-1 1
+1 1
401 4
+7 1
-5 1
+1 1
+4 1
571 2
+2 1
-2 1
+1 3
+2 6

fn=(372)
100 8
+1 6
+4 1
-2 2
+2 5
+1 10
+2 1
-2 1
+1 1
+1 1
-2 1
+2 1
-2 1
+2 14
+2 1
-2 1
+4 1
+2 1
-3 1
-1 1
+4 7
+2 1
-1 1
+1 8
+1 2
+3 8
-6 7

fn=(428)
183 60
+1 45
+3 45
+5 15
-1 30
+1 15
+7 15
-4 15
+2 30
+2 15
+1 15
+1 60

fn=(544)
1122 1
+2 1
-2 1
+2 1
+19 3
+2 2

fn=(630)
825 8
+6 3
+6 1
-11 1
+10 1
+2 2
fi=(99)
957 2
fe=(88)
842 1
fi=(99)
957 2
fe=(88)
841 3
-1 3
+1 3
+3 9
+10 6
+4 3
-2 3
+2 6
+7 3
-27 6
+31 2
+2 3
+4 9
-31 12

fn=(368) _IO_old_init
633 1
-16 1
+1 1
+15 1
+5 1
-21 1
+2 1
+1 1
+1 1
+17 1
-16 1
+1 1
+1 1
+1 1
+1 1
+1 1
+2 1
+1 1
+1 1
+1 1
+6 1
+1 4

fn=(366) _IO_no_init
650 9
+1 1
cfn=(368)
calls=1 -18 
* 25
+3 1
-2 1
+2 1
+2 1
+1 1
+1 1
+1 1
+1 1
+1 1
+1 1
+1 1
+1 1
+1 1
+1 1
+1 1
+2 1
+3 1
+1 6

fn=(554)
689 2
+2 3
+6 3
+3 3
+6 1
+6 1
-6 1
cfn=(540)
calls=1 61 
* 10

fl=(67)
fn=(248)
478 2
+12 1
-12 1
+12 1
-12 1
+12 1
-12 1
+12 1
648 2
+2 1
+1 1
+2 1
-3 1
+5 1
-5 1
+4 3
+4 2
+2 1
+1 1
+2 1
+4 1
-7 1
+5 1
-5 1
+4 1
+3 2
-3 1
+3 1
-3 1
+3 2
492 2
cfn=(250) handle_intel.isra.0
calls=1 262 
* 843
+4 1
-4 1
+4 1
cfn=(250)
calls=1 262 
* 884
+2 1
-2 1
-1 1
+3 1
+9 3
+2 1
+1 1
+2 1
+5 2
+9 16
-9 12
+6 3
-6 3
+6 3
-6 3
+6 1
-6 1
+6 1
+69 4
+1 6
-65 1
+32 1
-26 5
+7 2
+4 4
+2 4
-6 4
+4 1
-2 1
+2 1
-4 3
+4 1
-2 1
+2 1
+15 1
+1 4
-9 1
+2 2
+1 1
-1 2
+1 1
+1 1

fn=(250)
262 4
+12 2
-12 12
+9 2
+1 4
-3 6
+23 10
cfn=(252) intel_check_word
calls=2 132 
* 1444
+1 4
+3 10
cfn=(252)
calls=2 132 
* 189
+1 4
-17 4
+5 2
-5 4
+5 2
+2 2
+1 2
-1 4
+27 16

fn=(252)
132 32
+1 12
+6 32
+2 4
-2 4
+2 4
+88 8
-76 20
+53 16
+23 40
-1 8
+1 8
cfi=(68) /usr/src/debug/glibc-2.17-c758a686/stdlib/bsearch.c
cfn=(254) bsearch
calls=8 26 
* 1226
+2 16
+22 8
141 16
+2 10
+2 20
-10 2
258 32
-93 10
+5 10
-5 14
+9 2
+2 4
+8 2
+4 2
-2 4
+13 3
-34 15
+5 6
+4 8
+7 9
+9 2
-2 2
+3 2
-1 2
-2 2
+1 2
+1 2
-1 6
+1 2
-2 4

fn=(256) intel_02_known_compare
121 162
+3 162

fl=(81) /usr/src/debug/glibc-2.17-c758a686/elf/dl-addr.c
fn=(328) _dl_addr
126 9
+5 1
-5 2
+5 2
cob=(1)
cfi=(2)
cfn=(50)
calls=1 917 
* 2
+3 6
+1 4
+1 20
+1 2
30 1
+1 1
-1 1
+4 2
+5 1
+6 1
-7 1
+2 2
+2 1
-2 1
+2 1
+3 1
+5 7
+2 1
+1 2
-1 1010
+1 2020
+2 4961
+6 11170
+2 8936
+1 16325
+7 2234
-2 2234
+2 5479
-21 2022
+49 3
+1 1
+1 3
+3 2
+41 3
cob=(1)
cfi=(2)
cfn=(52)
calls=1 923 
* 2
+3 9
-13 9
-19 1
+1 1
+23 2

fl=(64)
fn=(242)
30 4
+1 5
+2 3
cfi=(65)
cfn=(244)
calls=1 -8 
* 34
+4 5
+1 3
+2 4

fl=(80) /usr/src/debug/glibc-2.17-c758a686/malloc/arena.c
fn=(326) ptmalloc_init.part.7
383 6
+11 1
-8 1
+8 1
+7 3
+2 5
+16 2
-71 92
+16 46
-18 141
464 2
+5 2
+1 2
+2 1
+1 7
-78 5
cfi=(81)
cfn=(328)
calls=1 126 
* 56499
* 2
+1 4
-47 12
+1 6

fl=(74)
fn=(306)
33 1
+2 1
cfi=(75)
cfn=(308)
calls=1 -9 
* 28

fl=(103) /usr/src/debug/glibc-2.17-c758a686/libio/putc.c
fn=(508) putc
27 181
+3 181
-3 362
+3 2715
+1 543
fi=(99)
885 362
+1 1448
fe=(103)
34 543
-3 543
cfi=(88)
cfn=(510)
calls=181 240 
* 9977
* 362

fl=(105)
fn=(530)
81 8
+1 2

fl=(87) /usr/src/debug/glibc-2.17-c758a686/libio/iofopen.c
fn=(362) __fopen_internal
65 6
+8 1
-8 2
+8 1
cob=(2)
cfi=(16)
cfn=(364)
calls=1 -73 
* 177
+2 1
-2 1
+2 1
+3 1
+3 5
-3 1
+3 1
cfi=(88)
cfn=(366)
calls=1 650 
* 58
+4 1
+1 1
-1 1
+1 1
cfi=(89)
cfn=(370)
calls=1 +58 
* 95
+4 5
cfi=(89)
cfn=(374)
calls=1 268 
* 113
* 1
+1 1
-1 1
+6 5
-5 1
cfn=(382) __fopen_maybe_mmap
calls=1 -49 
* 4

fn=(360) fopen@@GLIBC_2.2.5
103 2
cfn=(362)
calls=1 -38 
* 486

fn=(382)
42 1
-2 1
+2 1
+15 1

fl=(98) /usr/src/debug/glibc-2.17-c758a686/misc/../sysdeps/unix/sysv/linux/wordsize-64/mmap.c
fn=(422) mmap
32 3
+1 3
-1 27
+1 9
+1 30
+2 21
-3 6

fl=(68)
fn=(254)
26 8
+5 8
-5 72
+7 8
-7 16
+7 8
+7 8
+1 8
-8 16
+2 54
+2 54
-2 54
+1 162
+1 108
cfi=(67)
cfn=(256)
calls=54 +84 
* 324
+1 108
+1 46
-6 92
+14 8
-1 8
+1 56

fl=(90)
fn=(376)
81 2
cfn=(378) __open_nocancel
calls=1 * 
* 5

fn=(432)
81 30
cfn=(434) __read_nocancel
calls=15 * 
* 75

fn=(524) __write_nocancel
81 35

fn=(378)
81 5

fn=(434)
81 75

fn=(522)
81 14
cfn=(524)
calls=7 * 
* 35

fn=(548)
81 5

fl=(79) /usr/src/debug/glibc-2.17-c758a686/malloc/hooks.c
fn=(324) malloc_hook_ini
30 2
fi=(80)
385 3
fe=(79)
29 3
cfi=(80)
cfn=(326)
calls=1 383 
* 56840
* 1
+4 1
-1 1
cfi=(78)
cfn=(330)
calls=1 2888 
* 1223

fn=(496) realloc_hook_ini
37 9
+1 1
fi=(80)
385 1
fe=(79)
39 1
-1 1
fi=(80)
385 2
fe=(79)
39 1
fi=(80)
385 1
fi=(78)
2966 2
+4 2
+4 2
+5 1
-2 1
+2 1
+2 1
-2 1
+2 2
+3 3
+6 4
+1 2
+7 8
+2 2
fe=(79)
42 9
fi=(78)
2982 1
+44 6
+4 6
cfn=(500) _int_realloc
calls=1 4217 
* 7214
* 1
+2 4
+4 4
-66 2
fe=(79)

fl=(46)
fn=(176)
27 4
-1 4
+1 4
+4 8
-3 8

fl=(48)
fn=(182)
27 1
+1 1
+1 1
+1 1
+1 1
+2 1
+1 1
+5 1

fl=(92) /usr/src/debug/glibc-2.17-c758a686/libio/fileno.c
fn=(388) fileno
36 5
+7 1

fl=(66)
fn=(246)
32 5
+2 1
-2 2
+2 3
+2 5

fl=(73)
fn=(288)
56 6
-22 2
cfn=(290) __new_exitfn
calls=1 +38 
* 39
+2 2
+4 1
+3 1
+1 1
-4 2
+2 1
+4 1
+1 1
+11 4

fn=(290)
72 1
+6 2
-6 3
+6 4
+2 4
-7 2
+9 3
-2 1
+10 1
-10 2
+45 1
+1 1
+3 4
+3 5
-35 2
+14 1
+1 2

fl=(96)
fn=(416)
96 10
+15 8
fi=(99)
957 6
+2 4
+1 4
fe=(96)
111 6
cfi=(89)
cfn=(418)
calls=2 1270 
* 28
* 4
+2 8
+11 9
-14 1
+18 6
cfi=(98)
cfn=(422)
calls=1 -96 
* 33
* 6
cfi=(98)
cfn=(422)
calls=1 -96 
* 33
* 4
+1 10
cfi=(88)
cfn=(424)
calls=2 400 
* 42
+1 2
+1 13
-13 1
fi=(113) /usr/src/debug/glibc-2.17-c758a686/libio/../sysdeps/unix/sysv/linux/sys/sysmacros.h
-72 6
fe=(96)
+72 1
-2 2
+5 2

fl=(111)
fn=(642)
28 2
+4 1
+2 2

fl=(91)
fn=(380)
53 8
+10 3
+2 2
+1 1
+23 8
-26 1
-5 2

fl=(109)
fn=(596)
30 6
+17 2
-17 10
+4 8
+4 12
-4 6
+32 8
+4 12
-4 6
+12 4
+3 2
-2 2
+2 12
-2 2
cfi=(110)
cfn=(598)
calls=2 -43 
* 14

fl=(78)
fn=(478)
2924 8479440
+1 8479440
+5 8479440
+5 4239720
-2 4239720
+2 8479440
+16 12719157
+1 12719157
cfn=(480) _int_free
calls=4239719 3821 
* 311056694
-14 3
+1 2
+1 2
+2 1
+1 1
-1 1
+1 1
+1 2
2819 2
+1 1
+6 1
-7 1
+7 6
+7 1
+1 1
+5 1
cfi=(105)
cfn=(530)
calls=1 81 
* 5

fn=(480)
3821 42397190
+13 12719157
+6 16958876
+1 8479438
+13 16958876
+13 8479438
+11 16958776
+1 12719082
1909 4239694
3903 4239694
1909 8479388
3905 12719082
+1 8479388
+1 4239694
+3 4239694
-3 4239694
+9 12719082
-5 12719082
+14 16942814
+2 4239694
+2 25438164
+2 16942814
4096 33917552
3942 50
3832 25
3943 50
+18 25
-4 25
+4 50
+6 50
+8 75
+6 50
+1 50
+1 50
1909 75
3992 50
+1 1
+2 1
-1 1
+2 14
+3 50
+5 48
+4 23
+9 23
-1 23
+2 46
-1 1
-1 1
+2 2
+7 24
-2 24
+1 24
+1 24
+2 2
+1 2
+2 2
+1 2
+2 6
+1 2
+30 4
-34 22
+1 22
+2 66
+1 22
+30 46
+1 6
+3 9
+16 50
+2 100
+10 200
3952 150
+2 50
+51 17
+1 2
+64 15
+2 4
cfn=(532) systrim.isra.2
calls=1 2752 
* 215
* 1
-27 1
+1 3
+1 2
+19 6
cfn=(334) malloc_consolidate
calls=3 +47 
* 1588219
* 3
-97 75
-2 50

fn=(330)
2888 11299536
+5 5649768
+1 5649768
+3 19774188
+2 8474652
cfn=(332) _int_malloc
calls=2824884 3351 
* 162926128
+3 2824884
-3 2824884
+3 2824884
+6 5649768
+1 11299536
+5 14124420
-17 16949304
+5 5649768

fn=(336) sysmalloc
2280 126
+21 14
+11 14
-11 28
+11 14
+1 41
+79 13
+20 13
-19 26
+19 26
2718 26
+6 13
+3 13
-3 13
+3 26
+1 13
+3 39
-2 13
+2 26
+1 13
-1 13
-1 13
+1 13
+1 13
+2 13
+6 104
-6 1
+6 8
-21 26
2314 3
+14 4
+6 2
2463 26
+19 26
-19 65
+19 26
+8 13
-8 13
+8 13
2336 8
cfi=(98)
cfn=(422)
calls=1 32 
* 33
+2 3
+34 1
-5 3
+5 4
+3 1
+1 1
-1 1
+1 1
+1 2
2491 78
cfi=(82)
cfn=(338)
calls=13 47 
* 842
+1 13
-1 13
+1 13
+3 52
+2 26
+1 26
+18 26
+25 26
+2 26
2394 13
2549 13
-6 13
+6 37
+1 60
+2 6
+42 3
+19 1
+3 2
+1 4
+3 1
-3 1
+3 2
cfi=(82)
cfn=(338)
calls=1 47 
* 45
+12 3
+5 2
+1 4
+35 1
+1 1
-2 1
+1 2
+12 1
-12 1
+1 2
+11 1
2373 2
2542 5
+10 2

fn=(500)
4217 117
+21 52
+1 39
+15 26
+1 39
+1 26
+1 26
+6 26
+8 26
+12 8
-1 16
+87 117
-96 5
-1 5
-1 10
+21 24
cfn=(332)
calls=8 3351 
* 450617
+1 8
-1 8
+1 8
+4 8
-1 8
+6 16
+11 8
+1 8
+2 16
+3 16
3834 24
+6 32
+1 16
+13 40
+13 16
+75 16
+19 8
-4 8
+4 16
+6 16
+8 24
+6 16
+1 16
+1 16
1909 24
3992 16
+7 16
+5 16
+4 8
+9 8
-1 8
+2 16
+7 8
-2 8
+1 8
+1 8
+2 7
+1 7
+2 7
+1 7
+2 21
+1 7
+30 21
-34 1
+1 1
+2 3
+1 1
+30 3
+1 2
+3 3
4320 24
cfi=(102)
cfn=(502)
calls=8 61 
* 84308
* 8
-46 25
+2 5
-2 5
+2 5
-2 10
+1 5
+3 5
-4 5
+1 5
+1 5
+2 5
4070 6
3969 24
-2 16

fn=(322) calloc
3183 1414837
+13 4244511
-13 1414837
+10 2829674
+3 1414837
-13 4244511
+13 1414837
+8 2829674
+1 2829674
+10 16978032
+7 1414836
+8 1414836
-7 2829672
+7 2829672
+15 4244508
cfn=(332)
calls=1414836 3351 
* 82727403
+6 1414836
-6 1414836
+6 1414836
+7 5659344
+3 2829672
+6 4244508
+46 7446528
-36 1414836
-3 1414836
+3 2829672
-13 1414836
+13 2829672
+10 1414836
+1 2829672
+3 2829672
+7 1241088
-3 1241088
+1 1241088
+1 2482176
+1 1241088
+3 60809
-2 60809
+1 60809
+1 60809
+3 44815
-2 44815
+1 44815
+1 44815
+1 42508
+1 85016
-29 52743
+15 521244
cfi=(85)
cfn=(344)
calls=173748 57 
* 4358140
+21 1216236
3207 3
cfi=(79)
cfn=(324)
calls=1 30 
* 58074
+1 2
3313 3
3210 3
3313 2
3210 1
cfi=(85)
cfn=(344)
calls=1 57 
* 14

fn=(334)
4113 80
+22 20
+1 27
+12 9
5023 9
4138 9
+11 9
-1 9
5021 9
+2 9
-2 36
4151 18
+1 18
-1 162
+1 227
+22 8166
-1 8166
+1 114756
+4 37780
+4 37780
-3 37780
+1 37780
+2 37780
+1 4132
+1 4132
+3 4132
+1 4132
+1 4132
-2 4132
+12 4132
-12 4132
+3 4132
+9 4132
-12 33648
+1 33648
+1 33648
-2 33648
+12 33648
-12 33648
+3 33648
+9 83984
-41 50336
-3 50336
+3 100672
+1 50336
+1 100672
+2 100672
-4 25
-3 25
+3 50
+1 25
+1 50
+2 50
+1 21714
+2 21714
-1 21714
+2 307797
+3 100722
+3 75560
+4 59228
+18 12581
+1 12581
+4 12581
-4 12581
+1 12581
+3 12583
+3 360
+6 73
-73 3
1829 1
+2 3
-2 128
+2 378
-2 252
+6 3
+5 1
+2 1
-2 1
4208 8
1839 3

fn=(494) realloc
2958 117
+7 26
+1 26
+4 24
+4 24
+5 12
-2 12
+2 12
+2 12
-2 12
+2 24
+3 36
+6 48
+1 24
+7 96
+2 24
+49 108
-67 12
+44 72
+4 72
cfn=(500)
calls=12 4217 
* 529034
* 12
+2 48
+4 48
-66 24
-3 1
+82 7
-82 1
cfi=(79)
cfn=(496)
calls=1 37 
* 7296

fn=(332)
3351 4239728
-30 4239728
+30 4239728
-30 4239728
+30 4239728
-30 4239728
+30 12719184
-30 25438368
+30 8479456
+4 8479456
+14 8479456
+1 12719079
+1 4239693
+1 4239693
-1 8479386
+5 8479386
+3 20946665
+1 4189333
-1 4189333
+1 8378666
+26 100790
+1 100770
+1 100770
+2 151155
+1 13586
+3 6792
+1 13584
+5 6792
+1 6792
+1 6792
+2 20376
1902 4197327
3753 4197327
1902 8394654
3755 4197327
+58 33917824
3446 78
+1 20
+1 16
cfn=(334)
calls=4 4113 
* 200635
* 8
3798 4
5023 8
3798 12
+2 100
5021 4
+2 4
-2 12
3467 8
3798 43599
5023 87198
3798 130797
+2 1089975
5021 43599
+2 43599
-2 130797
3467 87202
+67 23961
+1 47922
+1 15974
+45 7987
+7 7987
-6 7987
+1 7987
+1 7987
+1 7987
+3 7987
-52 7
+45 7
+7 7
-6 7
+1 7
+1 7
+1 7
+3 7
3467 154797
+2 16147
-1 16147
+1 32294
+1 32294
+7 16147
+10 50786
+34 8624
-5 8624
+1 8624
+4 8624
+12 15988
+6 70
+1 2
+1 2
+3 4
-5 25
+1 5
+1 5
+3 10
+34 28
-39 26
-50 8227
-1 16454
+2 8217
-1 16434
+4 7523
+1 15046
+4 15046
-3 15046
+1 15046
+1 15046
+1 7523
+2 7329
+1 7329
+3 51303
+2 14658
-2 7329
+2 7329
+4 7329
1902 7329
3507 7329
1902 14658
3504 1358
+2 388
-2 194
+2 194
+4 194
1902 194
3507 194
1902 83930
3539 21
+58 70904
+70 35452
+1 35452
+1 35452
-1 35452
+1 35452
+1 70904
+1 70904
+5 141936
+2 102798
+2 137000
-2 102744
+2 136988
-2 68494
+2 102732
+95 34250
+3 34250
-2 68500
+2 68500
+16 32
+1 4
cfn=(334)
calls=2 4113 
* 30233
+2 2
+1 2
-1 2
3688 1020
+1 1020
-2 4508
+7 1234
+3 2468
+1 32
+1 32
+1 32
-2 128
+59 32
3523 630
-1 1260
+1 1260
1902 630
3526 630
1902 1260
3528 1260
3382 20946665
3598 20
+3 30
3446 60
3680 8
+2 2
+1 4
-1 14
+1 28
3446 4
3704 3606
+8 1202
-3 2404
+3 14445
+3 2404
+2 508
-1 508
+1 1524
-37 42
+48 694
-5 694
+6 1388
+11 694
-6 694
+1 694
+1 694
+1 694
+3 694
+1 694
+1 1388
+2 7
+1 7
+2 49
+2 14
-2 7
+2 7
+1 14
-3 4809
+2 1374
-2 687
+2 687
+1 1374
3412 4
cfn=(334)
calls=1 4113 
* 793
* 3
+34 7
3807 56
cfn=(336)
calls=14 2280 
* 2333
+1 14
-1 14
+1 14
1902 56
3782 34234
-3 34234
+1 68468
+2 34234
-1 34234
+1 68468
+2 34234
-2 102702
+5 34234
-5 34234
+2 34234
1902 102702
3712 84

fn=(532)
2752 8
+10 2
-1 1
+1 1
+3 4
+2 2
+6 5
cfi=(82)
cfn=(338)
calls=1 47 
* 45
* 1
+1 4
+35 8
-23 3
cfi=(82)
cfn=(338)
calls=1 47 
* 68
+2 2
+1 2
+2 2
cfi=(82)
cfn=(338)
calls=1 47 
* 45
+2 1
+2 2
+3 2
+3 2
-1 1
+1 2
+2 2

ob=(6)
fl=(77)
fn=(312)
12 5
+4 1
-4 2
+2 1
+2 1
cfi=(69)
cfn=(314) Seq_new
calls=1 -16 
* 61030
+1 1
-1 1
+1 1
+2 2
cfi=(69)
cfn=(314)
calls=1 -19 
* 504
+1 1
-1 1
+1 1
+4 5
cfi=(86) /h/jfacul01/comp40/HW6/UM/HW7/seg_zero.c
cfn=(354) get_instructions
calls=1 +1 
* 23206485
+2 4
cfi=(101) /h/jfacul01/comp40/HW6/UM/HW7/instructions.c
cfn=(450) execute_instructions
calls=1 251 
* 6594840831

fl=(86)
fn=(400) load_instructions
58 10
+5 1
-5 2
+5 4
+5 2
cob=(1)
cfi=(70)
cfn=(281)
calls=1 +3 
* 1538
* 5
-5 60218
+5 60218
cob=(3)
cfi=(95)
cfn=(406)
calls=30109 -32 
* 1116203
* 30109
* 180660
cob=(3)
cfi=(95)
cfn=(406)
calls=90330 -32 
* 3342210
* 90330
+1 722640
cfi=(100) /h/jfacul01/comp40/HW6/UM/HW7/bitpack.c
cfn=(438) Bitpack_news
calls=120440 +40 
* 16349730
-3 120440
+3 240880
-3 120440
+7 60220
-10 30110
+10 30110
cfi=(69)
cfn=(446) UArray_at
calls=30110 -73 
* 541980
-10 30110
+11 30110
-11 30110
+14 2
+1 7
-1 1
cfi=(69)
cfn=(448) Seq_addhi
calls=1 -77 
* 25

fn=(354)
25 7
+2 2
+1 3
cob=(1)
cfi=(70)
cfn=(281)
calls=1 +43 
* 1719
* 5
+1 1
-1 1
+1 1
+3 2
cob=(1)
cfi=(70)
cfn=(281)
calls=1 +39 
* 1289
* 5
fi=(93) /usr/include/sys/stat.h
456 4
cob=(1)
cfi=(70)
cfn=(281)
calls=1 71 
* 1298
* 5
fe=(86)
35 1
+1 1
-1 1
+1 1
+4 1
-4 1
+4 3
+6 3
cfi=(69)
cfn=(398) UArray_new
calls=1 -46 
* 13696
+2 5
cfn=(400)
calls=1 +10 
* 23188425
+1 5

fl=(69)
fn=(314)
0 22
cfn=(316) Mem_calloc
calls=2 0 
0 59760
0 12
cfn=(346) Mem_alloc
calls=2 0 
0 1654
0 10
cfn=(352) UArrayRep_init
calls=2 0 
0 60
0 16

fn=(484) expand
0 91
cfn=(486) UArray_resize
calls=13 0 
0 539089
0 91

fn=(292)
0 16
cob=(2)
cfi=(16)
cfn=(294)
calls=1 0 
0 6
0 7
cfn=(298) 0x0000000000400c90
calls=1 0 
0 17
0 11

fn=(472) Mem_free
0 8489022
cob=(3)
cfi=(78)
cfn=(478)
calls=2829673 2924 
0 253429306
cob=(1)
cfi=(70)
cfn=(281)
calls=1 71 
0 1362
0 2829678

fn=(446)
0 706738896

fn=(482) Seq_remhi
0 25759692

fn=(298)
0 17

fn=(316)
0 22637392
cob=(3)
cfi=(78)
cfn=(322)
calls=1414836 3183 
0 190623838
cob=(1)
cfi=(70)
cfn=(281)
calls=1 71 
0 59482
0 1414841
0 11318696

fn=(346)
0 15563207
cob=(3)
cfi=(78)
cfn=(330)
calls=1414836 2888 
0 139142003
cob=(1)
cfi=(70)
cfn=(281)
calls=1 71 
0 1436
0 1414841
0 9903859

fn=(486)
0 260
cfn=(488) Mem_resize
calls=13 0 
0 538751
0 78

fn=(488)
0 208
cob=(3)
cfi=(78)
cfn=(494)
calls=12 2958 
0 529946
cob=(1)
cfi=(70)
cfn=(281)
calls=1 71 
0 8476
0 17
0 104

fn=(576) 0x0000000000400be0
0 9

fn=(398)
0 14148350
cfn=(346)
calls=1414835 0 
0 166023692
0 11318680
cfn=(316)
calls=1414835 0 
0 225994489
0 7074175
cfn=(352)
calls=1414835 0 
0 42445050
0 8489010

fn=(448)
0 35777376
cfn=(484)
calls=13 0 
0 539271
0 39

fn=(452) Seq_get
0 984498256

fn=(352)
0 42445110

fn=(454) UArray_length
0 24997770

fn=(464) Seq_length
0 10312344

fn=(468) Seq_put
0 78507268

fn=(470) UArray_free
0 15563207
cfn=(472)
calls=1414837 0 
0 133169535
0 7074185
cfn=(472)
calls=1414837 0 
0 131579833
0 4244511

fn=(272)
0 11
cob=(1)
cfi=(70)
cfn=(280)
calls=1 71 
0 6618110615
0 5

fn=(528) Seq_free
0 18
cfn=(470)
calls=2 0 
0 659798

fn=(572)
0 5
cfn=(576)
calls=1 0 
0 9
0 3

fl=(100)
fn=(444) Bitpack_newu
97 481760
+1 120440
-1 481760
+2 120440
-2 120440
+2 120440
-33 240880
-44 120440
+11 240880
+3 361320
-12 240880
+79 240880
-83 240880
+14 120440
-13 120440
+3 180660
+12 270990
+66 361320
+3 90330
-3 90330
+3 451650
-3 120440
+3 30110
-3 30110
+3 150550
-5 722640

fn=(438)
109 1083960
-52 240880
+56 481760
cfn=(442) Bitpack_getu
calls=120440 -27 
* 4335840
+1 120440
-1 481760
+1 481760
-1 120440
cfn=(444)
calls=120440 -16 
* 5871450
* 240880
cfn=(440) Bitpack_fitss.part.0
calls=120440 -58 
* 2649680
-3 240880

fn=(442)
86 602200
+1 120440
-1 240880
+2 240880
+2 481760
-70 120440
+70 240880
-70 120440
+2 120440
-1 120440
+3 361320
+8 240880
+2 120440
-1 120440
+3 361320
+56 722640

fn=(440)
55 481760
+4 240880
-39 240880
+1 240880
+3 843080
+38 602200

fl=(101)
fn=(462) map_segment
131 2829668
+3 1414834
-3 7074170
+4 1414834
-4 4244502
+4 2829668
cfi=(69)
cfn=(398)
calls=1414834 0 
* 475479750
+1 1414834
-1 1414834
+1 1414834
+3 2829668
cfi=(69)
cfn=(464)
calls=1414834 0 
* 9903838
* 2829668
+2 1393786
+2 1393786
-2 1393786
cfi=(69)
cfn=(482)
calls=1393786 0 
* 25088148
+1 1393786
-1 1393786
+1 4181358
cfi=(69)
cfn=(468)
calls=1393786 0 
* 39026008
* 1393786
+1 1393786
+3 1393786
-3 1393786
+3 1393786
cob=(3)
cfi=(78)
cfn=(478)
calls=1393786 2924 
* 124015506
* 1393786
+1 2787572
+9 9756502
-3 42096
+1 21048
-1 21048
cfi=(69)
cfn=(448)
calls=21048 0 
* 598266
+1 42096
cfi=(69)
cfn=(464)
calls=21048 0 
* 147336
* 42096
+2 147336

fn=(526) free_instructions
358 3
+1 2
cfi=(69)
cfn=(464)
calls=1 0 
* 7
* 32518
cfi=(69)
cfn=(464)
calls=16259 0 
* 113813
* 32520
+1 42098
cfi=(69)
cfn=(482)
calls=21049 0 
* 378882
+1 21049
-1 21049
+1 21049
+1 9580
cfi=(69)
cfn=(470)
calls=4790 0 
* 1911331
-3 9580
cfi=(69)
cfn=(464)
calls=4790 0 
* 33530
* 9580
+6 2
cfi=(69)
cfn=(464)
calls=1 0 
* 7
* 3
+1 2
cfi=(69)
cfn=(482)
calls=1 0 
* 18
* 32516
cfi=(69)
cfn=(482)
calls=16258 0 
* 292644
+1 32518
-2 32518
cfi=(69)
cfn=(464)
calls=16259 0 
* 113813
* 32518
+7 2
cfi=(69)
cfn=(528)
calls=1 0 
* 167
+1 2
cfi=(69)
cfn=(528)
calls=1 0 
* 659649
+2 2
-7 32518
cob=(3)
cfi=(78)
cfn=(478)
calls=16259 2924 
* 1447051
* 16259
* 16259

fn=(558) halt
119 1
+1 2
cob=(1)
cfi=(70)
cfn=(281)
calls=1 -49 
* 3434
* 5

fn=(450)
251 10
+4 2
-4 1
+2 4
+2 1
cfi=(69)
cfn=(452)
calls=1 0 
* 23
* 3
cfi=(69)
cfn=(446)
calls=1 0 
* 18
+4 2
-4 1
+4 1
cfi=(69)
cfn=(452)
calls=1 0 
* 23
* 2
cfi=(69)
cfn=(454)
calls=1 0 
* 7
+13 5
+5 1
-2 1
+2 85070523
-2 85070521
+2 170141042
+3 170141044
+6 85070522
+9 85070522
-9 85070522
+8 85070522
-8 85070522
+8 85070522
+2 52516822
-1 52516822
+2 52516822
-1 52516822
-1 52516822
+2 52516822
-1 52516822
-5 52516822
+11 105033644
+3 275174688
+29 17855545
cfn=(456) load_program
calls=3571109 218 
* 17855545
+1 3571109
+4 7142218
-4 3571109
+4 3571109
cfi=(69)
cfn=(452)
calls=3571109 0 
* 82135507
-1 7142218
cfi=(69)
cfn=(454)
calls=3571109 0 
* 24997763
+4 7142218
-4 3571109
+4 3571109
cfi=(69)
cfn=(452)
calls=3571109 0 
* 82135507
-1 10713327
cfi=(69)
cfn=(446)
calls=3571109 0 
* 64279962
* 7142218
-69 170141042
-86 181
fi=(104) /usr/include/bits/stdio.h
81 724
cob=(3)
cfi=(103)
cfn=(508)
calls=180 -54 
* 16942
cob=(1)
cfi=(70)
cfn=(281)
calls=1 -10 
* 1636
* 185
* 181
fe=(101)
328 5640180
+1 1410045
-1 1410045
cfn=(466) unmap_segment
calls=1410045 166 
* 547569196
+1 1410045
-3 7074170
+1 1414834
-1 1414834
cfn=(462)
calls=1414834 131 
* 736343164
+1 1414834
-5 3
cfn=(526)
calls=1 +36 
* 5345059
+1 3
cob=(1)
cfi=(70)
cfn=(281)
calls=1 71 
* 1972
* 5
+1 2
cfn=(558)
calls=1 119 
* 3442
109 38663010
-12 1533024
-12 839320
-12 25128320
310 81003740
+1 16200748
-1 16200748
cfn=(458) segmented_store
calls=16200748 54 
* 1004446376
+1 16200748
-3 97306520
+1 19461304
-1 19461304
cfn=(460) segmented_load
calls=19461304 38 
* 1206600848
+1 19461304
26 13732095
+1 12311150
240 130214800
+59 32553700
+1 32553700
-10 32553700
+9 32553700
+1 32553700
-11 65107400

fn=(460)
38 19461304
+2 19461304
-2 77845216
+2 19461304
-2 38922608
+3 19461304
+4 19461304
-5 19461304
cfi=(69)
cfn=(452)
calls=19461304 -40 
* 447609992
+4 58383912
cfi=(69)
cfn=(446)
calls=19461304 -44 
* 350303472
+1 38922608
+1 77845216

fn=(456)
218 14284436
+11 3571109

fn=(458)
54 16200748
+2 16200748
-2 64802992
+2 16200748
-2 32401496
+3 16200748
+4 16200748
-5 16200748
cfi=(69)
cfn=(452)
calls=16200748 -56 
* 372617204
+4 48602244
cfi=(69)
cfn=(446)
calls=16200748 -60 
* 291613464
+1 32401496
+1 64802992

fn=(466)
166 7050225
+2 1410045
-2 5640180
+2 1410045
cob=(3)
cfi=(78)
cfn=(330)
calls=1410045 2888 
* 136777914
* 1410045
+1 4230135
+2 2820090
-1 2820090
+1 1410045
cfi=(69)
cfn=(448)
calls=1410045 0 
* 35718395
+3 5640180
cfi=(69)
cfn=(468)
calls=1410045 0 
* 39481260
+1 1410045
-1 1410045
+1 1410045
cfi=(69)
cfn=(470)
calls=1410045 0 
* 289060142
+1 8460270

ob=(4)
fl=(57)
fn=(202)
10 5

fn=(208)
16 5

fl=(54)
fn=(196)
8 5

fl=(59)
fn=(206)
25 1
+1 1
+1 1
+1 1
+2 1

fl=(52)
fn=(192)
20 8

fl=(58)
fn=(204)
25 1
+1 1
+1 1
+1 1
+2 1

fl=(51)
fn=(190)
15 8

fl=(56)
fn=(200)
25 1
+1 1
+1 1
+1 1
+2 1

fl=(55)
fn=(212)
0 8

fn=(620) 0x0000000000005620
0 9

fn=(262)
0 16

fn=(610)
0 8
cob=(2)
cfi=(16)
cfn=(616)
calls=1 0 
0 54
0 1
cfn=(620)
calls=1 0 
0 9
0 3

fn=(210)
0 8

fn=(198)
0 8

fl=(53)
fn=(194)
25 1
+1 1
+1 1
+1 1
+2 1

ob=(5)
fl=(61)
fn=(584)
0 8
cob=(1)
cfi=(70)
cfn=(281)
calls=1 71 
0 1089
0 5
0 1
cfn=(602) 0x0000000000000570
calls=1 0 
0 9
0 3

fn=(230)
0 17

fn=(602)
0 9

totals: 6618274703
